500.0,500.0,0,0
368.0,10,1,0
173.0,10,6,0
500.0,10,3,0
475.0,475.0,0,1
520.0,10,1,0
500.0,10,2,0
480.0,15.0,2,0
520.0,10,0,0
500.0,10,4,0
480.0,10,1,0
455.0,455.0,0,1
500.0,10,0,0
480.0,10,0,0
460.0,15.0,1,0
500.0,500.0,1,1
545.0,10,1,0
525.0,10,2,0
500.0,15.0,1,0
540.0,10,2,0
520.0,10,1,0
500.0,10,6,0
475.0,475.0,0,1
520.0,10,2,0
500.0,10,2,0
480.0,15.0,1,0
520.0,10,0,0
500.0,10,3,0
480.0,10,0,0
455.0,455.0,5,1
500.0,10,0,0
480.0,10,1,0
460.0,15.0,0,0
500.0,500.0,3,1
545.0,10,0,0
525.0,10,2,0
500.0,15.0,0,0
540.0,10,1,0
520.0,10,2,0
500.0,10,1,0
475.0,475.0,0,1
520.0,10,1,0
500.0,10,2,0
480.0,15.0,1,0
520.0,10,3,0
500.0,10,6,0
480.0,10,1,0
455.0,455.0,1,1
500.0,10,3,0
480.0,10,0,0
460.0,15.0,0,0
500.0,500.0,0,1
545.0,10,2,0
525.0,10,1,0
500.0,15.0,1,0
540.0,10,2,0
520.0,10,1,0
500.0,10,0,0
475.0,475.0,3,1
520.0,10,1,0
500.0,10,2,0
480.0,15.0,2,0
520.0,10,1,0
500.0,10,1,0
480.0,10,0,0
455.0,455.0,6,1
500.0,10,4,0
480.0,10,3,0
460.0,15.0,0,0
500.0,500.0,2,1
545.0,10,1,0
525.0,10,0,0
500.0,15.0,0,0
540.0,10,1,0
520.0,10,3,0
500.0,10,1,0
475.0,475.0,2,1
520.0,10,2,0
500.0,10,4,0
480.0,15.0,0,0
520.0,10,3,0
500.0,10,4,0
480.0,10,1,0
455.0,455.0,1,1
500.0,10,0,0
480.0,10,5,0
460.0,15.0,2,0
500.0,500.0,2,1
545.0,10,2,0
525.0,10,1,0
500.0,15.0,1,0
540.0,10,1,0
520.0,10,1,0
500.0,10,0,0
475.0,475.0,1,1
520.0,10,0,0
500.0,10,2,0
480.0,15.0,4,0
520.0,10,1,0
500.0,10,1,0
480.0,10,1,0
455.0,455.0,1,1
500.0,10,2,0
480.0,10,1,0
460.0,15.0,1,0
500.0,500.0,2,1
545.0,10,1,0
525.0,10,1,0
500.0,15.0,2,0
540.0,10,1,0
520.0,10,4,0
500.0,10,5,0
475.0,475.0,1,1
520.0,10,1,0
500.0,10,2,0
480.0,15.0,1,0
520.0,10,0,0
500.0,10,2,0
149.0,10,0,0
101.0,49,1,0
500.0,10,4,0
480.0,10,2,0
460.0,15.0,6,0
500.0,500.0,1,1
545.0,10,2,0
525.0,10,2,0
500.0,15.0,2,0
540.0,10,0,0
520.0,10,1,0
500.0,10,1,0
475.0,475.0,6,1
520.0,10,0,0
500.0,10,0,0
480.0,15.0,2,0
520.0,10,4,0
500.0,10,1,0
480.0,10,1,0
455.0,455.0,1,1
500.0,10,0,0
480.0,10,1,0
460.0,15.0,1,0
500.0,500.0,1,1
545.0,10,6,0
525.0,10,2,0
500.0,15.0,4,0
540.0,10,3,0
520.0,10,1,0
500.0,10,2,0
475.0,475.0,1,1
520.0,10,1,0
500.0,10,2,0
480.0,15.0,1,0
520.0,10,0,0
500.0,10,2,0
480.0,10,1,0
455.0,455.0,2,1
500.0,10,4,0
480.0,10,2,0
460.0,15.0,0,0
500.0,500.0,1,1
545.0,10,2,0
525.0,10,4,0
500.0,15.0,3,0
540.0,10,1,0
520.0,10,0,0
500.0,10,2,0
475.0,475.0,2,1
520.0,10,1,0
500.0,10,0,0
480.0,15.0,1,0
520.0,10,1,0
500.0,10,2,0
480.0,10,1,0
455.0,455.0,3,1
500.0,10,2,0
480.0,10,4,0
460.0,15.0,1,0
500.0,500.0,3,1
545.0,10,0,0
525.0,10,2,0
500.0,15.0,0,0
540.0,10,1,0
520.0,10,0,0
500.0,10,2,0
475.0,475.0,1,1
520.0,10,0,0
500.0,10,5,0
480.0,15.0,0,0
520.0,10,1,0
500.0,10,5,0
480.0,10,2,0
455.0,455.0,0,1
500.0,10,1,0
480.0,10,0,0
460.0,15.0,1,0
500.0,500.0,0,1
545.0,10,0,0
525.0,10,4,0
500.0,15.0,0,0
540.0,10,0,0
520.0,10,1,0
500.0,10,2,0
475.0,475.0,0,1
520.0,10,2,0
500.0,10,2,0
480.0,15.0,1,0
520.0,10,1,0
500.0,10,1,0
480.0,10,1,0
455.0,455.0,1,1
500.0,10,4,0
480.0,10,2,0
460.0,15.0,0,0
500.0,500.0,1,1
545.0,10,0,0
525.0,10,0,0
500.0,15.0,1,0
540.0,10,0,0
520.0,10,1,0
500.0,10,3,0
363.0,71,2,0
150.0,10,1,0
500.0,10,1,0
480.0,15.0,1,0
520.0,10,1,0
500.0,10,2,0
480.0,10,2,0
455.0,455.0,0,1
500.0,10,2,0
398,10,5,0
147.0,15.0,1,0
500.0,500.0,2,1
545.0,10,1,0
525.0,10,6,0
500.0,15.0,2,0
540.0,10,1,0
520.0,10,5,0
500.0,10,5,0
475.0,475.0,4,1
520.0,10,1,0
500.0,10,5,0
480.0,15.0,2,0
520.0,10,2,0
500.0,10,2,0
480.0,10,2,0
455.0,455.0,0,1
500.0,10,2,0
480.0,10,0,0
460.0,15.0,4,0
500.0,500.0,1,1
545.0,10,4,0
525.0,10,0,0
500.0,15.0,0,0
540.0,10,2,0
520.0,10,4,0
500.0,10,0,0
475.0,475.0,3,1
520.0,10,2,0
500.0,10,2,0
480.0,15.0,2,0
520.0,10,1,0
500.0,10,1,0
480.0,10,1,0
455.0,455.0,2,1
500.0,10,1,0
480.0,10,2,0
460.0,15.0,1,0
500.0,500.0,0,1
545.0,10,1,0
525.0,10,1,0
500.0,15.0,1,0
540.0,10,5,0
520.0,10,1,0
500.0,10,0,0
475.0,475.0,2,1
520.0,10,1,0
500.0,10,2,0
480.0,15.0,6,0
520.0,10,2,0
500.0,10,5,0
480.0,10,2,0
455.0,455.0,2,1
500.0,10,1,0
480.0,10,1,0
460.0,15.0,1,0
500.0,500.0,0,1
545.0,10,1,0
525.0,10,1,0
500.0,15.0,2,0
540.0,10,1,0
520.0,10,4,0
500.0,10,1,0
475.0,475.0,0,1
520.0,10,0,0
500.0,10,0,0
480.0,15.0,2,0
520.0,10,2,0
500.0,10,1,0
480.0,10,2,0
455.0,455.0,0,1
500.0,10,2,0
480.0,10,0,0
460.0,15.0,2,0
500.0,500.0,1,1
545.0,10,2,0
525.0,10,2,0
500.0,15.0,1,0
540.0,10,1,0
520.0,10,0,0
500.0,10,1,0
475.0,475.0,1,1
520.0,10,1,0
500.0,10,6,0
480.0,15.0,1,0
520.0,10,4,0
500.0,10,1,0
480.0,10,2,0
455.0,455.0,0,1
500.0,10,1,0
480.0,10,1,0
460.0,15.0,1,0
500.0,500.0,1,1
545.0,10,0,0
525.0,10,5,0
500.0,15.0,0,0
540.0,10,1,0
520.0,10,0,0
500.0,10,0,0
475.0,475.0,4,1
520.0,10,3,0
500.0,10,6,0
480.0,15.0,0,0
520.0,10,2,0
500.0,10,0,0
480.0,10,0,0
455.0,455.0,0,1
500.0,10,1,0
480.0,10,1,0
460.0,15.0,1,0
500.0,500.0,2,1
545.0,10,0,0
525.0,10,1,0
500.0,15.0,0,0
540.0,10,1,0
520.0,10,1,0
500.0,10,1,0
475.0,475.0,4,1
520.0,10,4,0
500.0,10,1,0
480.0,15.0,2,0
520.0,10,1,0
500.0,10,0,0
480.0,10,2,0
455.0,455.0,0,1
500.0,10,1,0
480.0,10,2,0
460.0,15.0,1,0
500.0,500.0,1,1
545.0,10,0,0
525.0,10,1,0
500.0,15.0,2,0
540.0,10,1,0
520.0,10,0,0
500.0,10,0,0
475.0,475.0,2,1
520.0,10,5,0
500.0,10,0,0
480.0,15.0,2,0
520.0,10,1,0
500.0,10,2,0
480.0,10,2,0
455.0,455.0,2,1
500.0,10,2,0
480.0,10,2,0
460.0,15.0,1,0
500.0,500.0,3,1
545.0,10,1,0
525.0,10,3,0
500.0,15.0,1,0
540.0,10,1,0
520.0,10,4,0
500.0,10,1,0
475.0,475.0,0,1
520.0,10,2,0
500.0,10,1,0
480.0,15.0,0,0
520.0,10,0,0
500.0,10,1,0
480.0,10,1,0
455.0,455.0,4,1
500.0,10,2,0
480.0,10,1,0
460.0,15.0,6,0
500.0,500.0,1,1
545.0,10,1,0
525.0,10,4,0
500.0,15.0,2,0
540.0,10,1,0
520.0,10,0,0
500.0,10,1,0
475.0,475.0,1,1
520.0,10,0,0
500.0,10,2,0
480.0,15.0,1,0
520.0,10,1,0
500.0,10,2,0
480.0,10,2,0
455.0,455.0,2,1
500.0,10,3,0
480.0,10,1,0
460.0,15.0,0,0
500.0,500.0,1,1
545.0,10,1,0
525.0,10,2,0
500.0,15.0,2,0
540.0,10,4,0
520.0,10,1,0
500.0,10,2,0
475.0,475.0,4,1
520.0,10,1,0
500.0,10,2,0
480.0,15.0,2,0
520.0,10,4,0
500.0,10,1,0
480.0,10,0,0
455.0,455.0,4,1
500.0,10,4,0
480.0,10,1,0
460.0,15.0,4,0
500.0,500.0,2,1
545.0,10,2,0
525.0,10,2,0
500.0,15.0,2,0
540.0,10,1,0
520.0,10,0,0
500.0,10,1,0
475.0,475.0,1,1
520.0,10,2,0
500.0,10,1,0
480.0,15.0,4,0
520.0,10,1,0
500.0,10,1,0
480.0,10,2,0
455.0,455.0,2,1
500.0,10,1,0
480.0,10,1,0
460.0,15.0,1,0
500.0,500.0,5,1
545.0,10,0,0
525.0,10,2,0
500.0,15.0,1,0
540.0,10,1,0
520.0,10,0,0
500.0,10,5,0
475.0,475.0,2,1
520.0,10,7,0
500.0,10,0,0
480.0,15.0,2,0
520.0,10,0,0
500.0,10,1,0
480.0,10,3,0
455.0,455.0,0,1
500.0,10,5,0
480.0,10,1,0
460.0,15.0,1,0
500.0,500.0,1,1
