500,500,0,0
500,500,4,1
500.0,500.0,1,0
500,500,1,0
500,500,0,0
500,500,0,0
500,10,0,0
3000.0,3000.0,3,1
500,80,2,0
500.0,15.0,2,0
500,10,2,0
500,10,2,0
490,10,2,0
3125.0,3125.0,2,1
420,10,2,0
485.0,79,2,0
490.0,15.0,4,0
490,10,6,0
480,10,3,0
3249.0,3249.0,2,1
410,10,0,0
406.0,10,2,0
475.0,79,4,0
480.0,15.0,0,0
470.0,15.0,1,0
3373.0,3373.0,1,1
400,10,4,0
396.0,10,1,0
396.0,10,1,0
465.0,78,1,0
455.0,77,0,0
3496.0,3496.0,0,1
390,10,0,0
386.0,10,5,0
386.0,10,0,0
387.0,10,1,0
378.0,10,2,0
3613.0,3613.0,0,1
380.0,15.0,0,0
376.0,10,0,0
376.0,10,3,0
377.0,10,1,0
368.0,10,3,0
3668.0,3668.0,4,1
365.0,70,0,0
366.0,15.0,4,0
366.0,10,2,0
367.0,10,4,0
358.0,10,2,0
3783.0,3783.0,0,1
295.0,10,2,0
351.0,69,0,0
356.0,15.0,2,0
357.0,10,0,0
348.0,10,0,0
3897.0,3897.0,0,1
285.0,10,0,0
282.0,10,1,0
341.0,68,1,0
347.0,15.0,1,0
338.0,15.0,1,0
4010.0,4010.0,0,1
275.0,10,0,0
272.0,10,0,0
273.0,10,4,0
332.0,67,0,0
323.0,67,0,0
4122.0,4122.0,1,1
265.0,10,0,0
262.0,10,0,0
263.0,10,1,0
265.0,10,2,0
256.0,10,0,0
4229.0,4229.0,0,1
255.0,15.0,0,0
252.0,10,0,0
253.0,10,3,0
255.0,10,1,0
246.0,10,0,0
4284.0,4284.0,0,1
240.0,60,0,0
242.0,15.0,4,0
243.0,10,2,0
245.0,10,0,0
236.0,10,1,0
4389.0,4389.0,0,1
180.0,10,4,0
227.0,59,0,0
233.0,15.0,0,0
235.0,10,0,0
226.0,10,0,0
4493.0,4493.0,3,1
170.0,10,0,0
168.0,10,1,0
218.0,58,2,0
225.0,15.0,4,0
216.0,15.0,1,0
4596.0,4596.0,1,1
160.0,10,1,0
158.0,10,2,0
160.0,10,1,0
210.0,58,1,0
201.0,56,1,0
4699.0,4699.0,2,1
150.0,10,2,0
148.0,10,4,0
150.0,10,3,0
152.0,10,1,0
145.0,10,1,0
4795.0,4795.0,2,1
140.0,15.0,3,0
138.0,10,2,0
140.0,10,1,0
142.0,10,1,0
135.0,10,3,0
4850.0,4850.0,4,1
125.0,50,1,0
128.0,15.0,2,0
130.0,10,5,0
132.0,10,3,0
125.0,10,2,0
4945.0,4945.0,3,1
75.0,10,2,0
113.0,49,1,0
120.0,15.0,1,0
122.0,10,2,0
115.0,10,2,0
5039.0,5039.0,1,1
65.0,10,1,0
64.0,10,2,0
105.0,48,1,0
112.0,15.0,2,0
105.0,15.0,7,0
5132.0,5132.0,7,1
55.0,10,7,0
54.0,10,7,0
57.0,10,7,0
97.0,47,7,0
90.0,47,6,0
5224.0,5224.0,3,1
45.0,10,3,0
44.0,10,3,0
47.0,10,3,0
50.0,10,6,0
43.0,10,0,0
5311.0,5311.0,0,1
35.0,15.0,0,0
34.0,10,2,0
37.0,10,2,0
40.0,10,0,0
33.0,10,0,0
5366.0,5366.0,4,1
20.0,20.0,4,0
24.0,24.0,1,0
27.0,10,1,0
30.0,10,0,0
23.0,10,3,0
5440.0,5440.0,0,1
500,10,0,0
500,81,0,0
17.0,15.0,2,0
20.0,10,2,0
13.0,13.0,0,0
5566.0,5566.0,0,1
490,10,4,0
419,10,4,0
2.0,2.0,0,0
10.0,10.0,1,0
500.0,15.0,2,0
5611.0,5611.0,2,1
480,10,1,0
409,10,2,0
500,10,1,0
500,81,2,0
485.0,80,1,0
5737.0,5737.0,5,1
470,10,6,0
399,10,3,0
490,10,1,0
419,10,5,0
405.0,10,3,0
5857.0,5857.0,4,1
460.0,15.0,1,0
389,10,4,0
480,10,1,0
409,10,1,0
395.0,10,1,0
5912.0,5912.0,2,1
445.0,76,2,0
379.0,15.0,1,0
470,10,1,0
399,10,1,0
385.0,10,2,0
6033.0,6033.0,2,1
369.0,10,1,0
364.0,70,4,0
460.0,15.0,2,0
389,10,2,0
375.0,10,0,0
6148.0,6148.0,0,1
359.0,10,0,0
294.0,10,4,0
445.0,76,0,0
379.0,15.0,2,0
365.0,15.0,0,0
6269.0,6269.0,0,1
349.0,10,0,0
284.0,10,0,0
369.0,10,1,0
364.0,70,0,0
350.0,68,1,0
6384.0,6384.0,1,1
339.0,10,1,0
274.0,10,1,0
359.0,10,1,0
294.0,10,1,0
282.0,10,2,0
6492.0,6492.0,0,1
329.0,15.0,1,0
264.0,10,4,0
349.0,10,0,0
284.0,10,0,0
272.0,10,5,0
6547.0,6547.0,3,1
314.0,66,2,0
254.0,15.0,5,0
339.0,10,2,0
274.0,10,1,0
262.0,10,0,0
6658.0,6658.0,4,1
248.0,10,5,0
239.0,60,0,0
329.0,15.0,1,0
264.0,10,0,0
252.0,10,0,0
6763.0,6763.0,1,1
238.0,10,2,0
179.0,10,0,0
314.0,65,1,0
254.0,15.0,4,0
242.0,15.0,1,0
6873.0,6873.0,1,1
228.0,10,1,0
169.0,10,1,0
249.0,10,1,0
239.0,59,1,0
227.0,59,1,0
6977.0,6977.0,1,1
218.0,10,2,0
159.0,10,1,0
239.0,10,1,0
180.0,10,6,0
168.0,10,0,0
7076.0,7076.0,4,1
208.0,15.0,0,0
149.0,10,0,0
229.0,10,2,0
170.0,10,4,0
158.0,10,1,0
7131.0,7131.0,0,1
193.0,56,1,0
139.0,15.0,1,0
219.0,10,1,0
160.0,10,0,0
148.0,10,2,0
7232.0,7232.0,2,1
137.0,10,2,0
124.0,50,2,0
209.0,15.0,1,0
150.0,10,2,0
138.0,10,2,0
7327.0,7327.0,2,1
127.0,10,2,0
74.0,10,4,0
194.0,56,2,0
140.0,15.0,2,0
128.0,15.0,1,0
7428.0,7428.0,0,1
117.0,10,0,0
64.0,10,1,0
138.0,10,1,0
125.0,51,0,0
113.0,49,1,0
7524.0,7524.0,1,1
107.0,10,1,0
54.0,10,0,0
128.0,10,1,0
74.0,10,0,0
64.0,10,0,0
7613.0,7613.0,0,1
97.0,15.0,1,0
44.0,10,2,0
118.0,10,0,0
64.0,10,4,0
54.0,10,2,0
7668.0,7668.0,4,1
82.0,47,6,0
34.0,15.0,2,0
108.0,10,6,0
54.0,10,6,0
44.0,10,2,0
7760.0,7760.0,0,1
35.0,10,0,0
19.0,19.0,1,0
98.0,31.0,0,0
44.0,10,1,0
34.0,10,0,0
7840.0,7840.0,1,1
25.0,10,1,0
500,10,0,0
67.0,46,4,0
34.0,15.0,1,0
24.0,24.0,1,0
7931.0,7931.0,2,1
15.0,10,2,0
490,10,1,0
21.0,10,1,0
19.0,19.0,1,0
500,80,0,0
8004.0,8004.0,0,1
5.0,5.0,2,0
480,10,0,0
11.0,10,0,0
500,10,4,0
420,10,1,0
8119.0,8119.0,1,1
500.0,15.0,4,0
470,10,0,0
1.0,1.0,1,0
490,10,1,0
410,10,3,0
8165.0,8165.0,4,1
485.0,80,0,0
460.0,15.0,4,0
500,10,1,0
480,10,0,0
400,10,6,0
8290.0,8290.0,1,1
405.0,10,1,0
445.0,76,1,0
490.0,15.0,1,0
470,10,3,0
390,10,1,0
8411.0,8411.0,1,1
395.0,10,2,0
369.0,10,2,0
475.0,78,1,0
460.0,15.0,1,0
380.0,15.0,2,0
8534.0,8534.0,3,1
385.0,10,2,0
359.0,10,2,0
397.0,10,2,0
445.0,76,6,0
365.0,69,1,0
8655.0,8655.0,1,1
375.0,10,4,0
349.0,10,2,0
387.0,10,2,0
369.0,10,2,0
296.0,10,2,0
8764.0,8764.0,1,1
365.0,15.0,1,0
339.0,10,1,0
377.0,10,2,0
359.0,10,2,0
286.0,10,6,0
8819.0,8819.0,0,1
350.0,69,2,0
329.0,15.0,0,0
367.0,10,2,0
349.0,10,2,0
276.0,10,0,0
8933.0,8933.0,5,1
281.0,10,4,0
314.0,65,4,0
357.0,15.0,1,0
339.0,10,5,0
266.0,10,1,0
9043.0,9043.0,1,1
271.0,10,0,0
249.0,10,1,0
342.0,68,0,0
329.0,15.0,0,0
256.0,15.0,1,0
9156.0,9156.0,1,1
261.0,10,0,0
239.0,10,1,0
274.0,10,0,0
314.0,66,1,0
241.0,60,1,0
9267.0,9267.0,0,1
251.0,10,2,0
229.0,10,0,0
264.0,10,1,0
248.0,10,0,0
181.0,10,1,0
9367.0,9367.0,6,1
241.0,15.0,1,0
219.0,10,2,0
254.0,10,1,0
238.0,10,2,0
171.0,10,1,0
9422.0,9422.0,1,1
226.0,59,0,0
209.0,15.0,1,0
244.0,10,0,0
228.0,10,1,0
161.0,10,2,0
9526.0,9526.0,2,1
167.0,10,1,0
194.0,56,2,0
234.0,15.0,1,0
218.0,10,1,0
151.0,10,2,0
9627.0,9627.0,1,1
157.0,10,3,0
138.0,10,3,0
219.0,58,2,0
208.0,15.0,1,0
141.0,15.0,2,0
9730.0,9730.0,6,1
147.0,10,2,0
128.0,10,2,0
161.0,10,2,0
193.0,56,2,0
126.0,50,0,0
9831.0,9831.0,5,1
137.0,10,1,0
118.0,10,0,0
151.0,10,1,0
137.0,10,0,0
76.0,10,1,0
9921.0,9921.0,2,1
127.0,15.0,1,0
108.0,10,2,0
141.0,10,4,0
127.0,10,2,0
66.0,10,1,0
9976.0,9976.0,0,1
112.0,50,1,0
98.0,15.0,0,0
131.0,10,0,0
117.0,10,1,0
56.0,10,0,0
10071.0,10071.0,1,1
62.0,10,1,0
83.0,47,2,0
121.0,15.0,0,0
107.0,10,4,0
46.0,10,4,0
10163.0,10163.0,4,1
52.0,10,4,0
36.0,10,4,0
106.0,49,4,0
97.0,15.0,4,0
36.0,15.0,0,0
10257.0,10257.0,1,1
42.0,10,0,0
26.0,10,0,0
57.0,10,0,0
82.0,47,4,0
21.0,21.0,1,0
10349.0,10349.0,0,1
32.0,10,0,0
16.0,10,1,0
47.0,10,0,0
35.0,10,0,0
500,10,0,0
10410.0,10410.0,0,1
22.0,15.0,1,0
6.0,6.0,1,0
37.0,10,0,0
25.0,10,5,0
490,63,4,0
10461.0,10461.0,0,1
7.0,7.0,2,0
500.0,62.0,0,0
27.0,10,4,0
15.0,10,0,0
427,10,1,0
10613.0,10613.0,1,1
500,10,0,0
438.0,76,1,0
17.0,15.0,0,0
5.0,5.0,1,0
417,10,1,0
10729.0,10729.0,2,1
490,10,1,0
362.0,10,2,0
2.0,2.0,2,0
500.0,61.0,1,0
407.0,15.0,2,0
10822.0,10822.0,1,1
480,10,2,0
352.0,10,3,0
500,10,3,0
439.0,75,1,0
392.0,72,1,0
10942.0,10942.0,0,1
470,10,1,0
342.0,10,1,0
490,10,0,0
364.0,10,1,0
320.0,10,3,0
11054.0,11054.0,1,1
460.0,15.0,1,0
332.0,10,2,0
480,10,1,0
354.0,10,2,0
310.0,10,2,0
11109.0,11109.0,2,1
445.0,76,6,0
322.0,15.0,2,0
470,10,2,0
344.0,10,6,0
300.0,10,2,0
11230.0,11230.0,2,1
369.0,10,0,0
307.0,65,0,0
460.0,68.0,0,0
334.0,10,3,0
290.0,10,2,0
11393.0,11393.0,1,1
359.0,10,1,0
242.0,10,1,0
392.0,72,1,0
324.0,15.0,1,0
280.0,15.0,0,0
11510.0,11510.0,2,1
349.0,10,0,0
232.0,10,0,0
320.0,10,2,0
309.0,65,0,0
265.0,61,1,0
11620.0,11620.0,2,1
339.0,10,2,0
222.0,10,1,0
310.0,10,1,0
244.0,10,2,0
204.0,10,0,0
11721.0,11721.0,0,1
329.0,15.0,1,0
212.0,10,0,0
300.0,10,1,0
234.0,10,0,0
194.0,10,0,0
11776.0,11776.0,4,1
314.0,65,4,0
202.0,15.0,4,0
290.0,10,1,0
224.0,10,1,0
184.0,10,0,0
11886.0,11886.0,2,1
249.0,10,1,0
187.0,56,4,0
280.0,15.0,2,0
214.0,10,0,0
174.0,10,1,0
11987.0,11987.0,2,1
239.0,10,2,0
131.0,10,1,0
265.0,61,2,0
204.0,15.0,3,0
164.0,15.0,1,0
12093.0,12093.0,2,1
229.0,10,2,0
121.0,10,0,0
204.0,10,0,0
189.0,55,2,0
149.0,52,1,0
12193.0,12193.0,1,1
219.0,10,0,0
111.0,10,0,0
194.0,10,0,0
134.0,10,0,0
97.0,10,1,0
12285.0,12285.0,0,1
209.0,15.0,0,0
101.0,10,4,0
184.0,10,1,0
124.0,10,0,0
87.0,10,2,0
12340.0,12340.0,2,1
194.0,56,2,0
91.0,15.0,2,0
174.0,10,2,0
114.0,10,2,0
77.0,10,3,0
12441.0,12441.0,3,1
138.0,10,3,0
76.0,46,3,0
164.0,15.0,7,0
104.0,10,3,0
67.0,10,2,0
12532.0,12532.0,0,1
128.0,10,0,0
30.0,10,2,0
149.0,52,0,0
94.0,15.0,3,0
57.0,15.0,1,0
12629.0,12629.0,0,1
118.0,10,5,0
20.0,10,1,0
97.0,10,1,0
79.0,47,1,0
42.0,42.0,0,0
12721.0,12721.0,0,1
108.0,10,1,0
10.0,10,2,0
87.0,10,1,0
32.0,10,0,0
500,10,0,0
12803.0,12803.0,1,1
98.0,15.0,1,0
500,10,0,0
77.0,10,1,0
22.0,10,1,0
490,67,1,0
12858.0,12858.0,0,1
83.0,47,1,0
490.0,67.0,0,0
67.0,10,3,0
12.0,10,0,0
423,10,0,0
13059.0,13059.0,1,1
36.0,10,0,0
423.0,74,1,0
57.0,15.0,1,0
2.0,2.0,2,0
413,10,2,0
13170.0,13170.0,2,1
26.0,10,0,0
349.0,10,0,0
42.0,42.0,0,0
500.0,67.0,1,0
403.0,15.0,1,0
13309.0,13309.0,2,1
16.0,10,1,0
339.0,10,2,0
500,10,3,0
433.0,75,1,0
388.0,72,1,0
13429.0,13429.0,2,1
6.0,6.0,2,0
329.0,10,1,0
490,10,1,0
358.0,10,2,0
316.0,10,1,0
13537.0,13537.0,1,1
500.0,15.0,1,0
319.0,10,2,0
480,10,1,0
348.0,10,2,0
306.0,10,4,0
13592.0,13592.0,1,1
485.0,80,1,0
309.0,15.0,1,0
470,10,1,0
338.0,10,1,0
296.0,10,2,0
13717.0,13717.0,0,1
405.0,10,0,0
294.0,63,1,0
460.0,67.0,0,0
328.0,10,1,0
286.0,10,0,0
13877.0,13877.0,1,1
395.0,10,1,0
231.0,10,0,0
393.0,72,0,0
318.0,15.0,1,0
276.0,15.0,2,0
13994.0,13994.0,0,1
385.0,10,1,0
221.0,10,1,0
321.0,10,1,0
303.0,65,0,0
261.0,62,2,0
14104.0,14104.0,2,1
375.0,10,2,0
211.0,10,1,0
311.0,10,1,0
238.0,10,2,0
199.0,10,0,0
14206.0,14206.0,0,1
365.0,15.0,1,0
201.0,10,1,0
301.0,10,1,0
228.0,10,1,0
189.0,10,1,0
14261.0,14261.0,4,1
350.0,69,1,0
191.0,15.0,3,0
291.0,10,1,0
218.0,10,1,0
179.0,10,4,0
14375.0,14375.0,2,1
281.0,10,2,0
176.0,54,3,0
281.0,15.0,2,0
208.0,10,2,0
169.0,10,5,0
14474.0,14474.0,2,1
271.0,10,1,0
122.0,10,2,0
266.0,62,1,0
198.0,15.0,1,0
159.0,15.0,5,0
14581.0,14581.0,1,1
261.0,10,2,0
112.0,10,1,0
204.0,10,0,0
183.0,55,1,0
144.0,52,5,0
14681.0,14681.0,2,1
251.0,10,1,0
102.0,10,2,0
194.0,10,5,0
128.0,10,2,0
92.0,10,2,0
14773.0,14773.0,3,1
241.0,15.0,1,0
92.0,10,2,0
184.0,10,2,0
118.0,10,2,0
82.0,10,2,0
14828.0,14828.0,1,1
226.0,58,3,0
82.0,15.0,3,0
174.0,10,2,0
108.0,10,2,0
72.0,10,3,0
14931.0,14931.0,6,1
168.0,10,3,0
67.0,45,6,0
164.0,15.0,3,0
98.0,10,3,0
62.0,10,0,0
15021.0,15021.0,0,1
158.0,10,2,0
22.0,10,1,0
149.0,53,1,0
88.0,15.0,0,0
52.0,15.0,1,0
15119.0,15119.0,1,1
148.0,10,0,0
12.0,10,0,0
96.0,10,1,0
73.0,46,0,0
37.0,37.0,3,0
15210.0,15210.0,0,1
138.0,10,0,0
2.0,2.0,0,0
86.0,10,0,0
27.0,10,5,0
500,10,1,0
15279.0,15279.0,2,1
128.0,15.0,1,0
500,10,1,0
76.0,10,1,0
17.0,10,1,0
490,67,0,0
15334.0,15334.0,0,1
113.0,49,0,0
490.0,67.0,0,0
66.0,10,1,0
7.0,7.0,1,0
423,10,0,0
15534.0,15534.0,0,1
64.0,10,1,0
423.0,75,1,0
56.0,15.0,1,0
500,10,0,0
413,10,5,0
15654.0,15654.0,5,1
54.0,10,0,0
348.0,10,5,0
41.0,41.0,2,0
490.0,66.0,5,0
403.0,15.0,0,0
15791.0,15791.0,0,1
44.0,10,0,0
338.0,10,0,0
500,10,0,0
424.0,75,1,0
388.0,72,1,0
15911.0,15911.0,1,1
34.0,10,4,0
328.0,10,2,0
490,10,2,0
349.0,10,1,0
316.0,10,1,0
16023.0,16023.0,1,1
24.0,15.0,1,0
318.0,10,2,0
480,10,6,0
339.0,10,1,0
306.0,10,1,0
16078.0,16078.0,1,1
9.0,9.0,1,0
308.0,46.0,1,0
470,59,2,0
329.0,10,1,0
296.0,10,4,0
16212.0,16212.0,0,1
500,10,1,0
262.0,61,1,0
411.0,63.0,4,0
319.0,10,0,0
286.0,10,1,0
16366.0,16366.0,1,1
490,10,1,0
201.0,10,2,0
348.0,68,1,0
309.0,15.0,3,0
276.0,15.0,2,0
16479.0,16479.0,2,1
480,10,2,0
191.0,10,1,0
280.0,10,2,0
294.0,64,1,0
261.0,61,1,0
16588.0,16588.0,1,1
470,10,2,0
181.0,10,2,0
270.0,10,2,0
230.0,10,2,0
200.0,10,0,0
16689.0,16689.0,1,1
460.0,15.0,0,0
171.0,10,0,0
260.0,10,2,0
220.0,10,1,0
190.0,10,0,0
16744.0,16744.0,1,1
445.0,77,0,0
161.0,15.0,1,0
250.0,10,0,0
210.0,10,0,0
180.0,10,1,0
16866.0,16866.0,0,1
368.0,10,0,0
146.0,52,1,0
240.0,15.0,4,0
200.0,10,1,0
170.0,10,0,0
16963.0,16963.0,1,1
358.0,10,1,0
94.0,10,4,0
225.0,59,1,0
190.0,15.0,0,0
160.0,15.0,2,0
17067.0,17067.0,4,1
348.0,10,2,0
84.0,10,1,0
166.0,10,1,0
175.0,55,2,0
145.0,52,1,0
17167.0,17167.0,1,1
338.0,10,4,0
74.0,10,4,0
156.0,10,2,0
120.0,10,1,0
93.0,10,1,0
17259.0,17259.0,1,1
328.0,15.0,1,0
64.0,10,1,0
146.0,10,2,0
110.0,10,2,0
83.0,10,5,0
17314.0,17314.0,5,1
313.0,65,0,0
54.0,15.0,0,0
136.0,10,5,0
100.0,10,5,0
73.0,10,4,0
17424.0,17424.0,4,1
248.0,10,4,0
39.0,39.0,4,0
126.0,15.0,4,0
90.0,10,4,0
63.0,10,1,0
17508.0,17508.0,0,1
238.0,10,1,0
500,10,0,0
111.0,49,0,0
80.0,15.0,0,0
53.0,15.0,2,0
17602.0,17602.0,1,1
228.0,10,2,0
490,10,1,0
62.0,10,1,0
65.0,45,2,0
38.0,38.0,1,0
17692.0,17692.0,1,1
218.0,10,1,0
480,10,1,0
52.0,10,1,0
20.0,10,2,0
500,10,0,0
17770.0,17770.0,1,1
208.0,15.0,0,0
470,10,0,0
42.0,10,0,0
10.0,10,0,0
490,73,1,0
17825.0,17825.0,1,1
193.0,56,1,0
460.0,66.0,1,0
32.0,10,1,0
500,69,2,0
417,10,0,0
18099.0,18099.0,0,1
137.0,10,0,0
394.0,72,1,0
22.0,15.0,0,0
431,10,1,0
407,56,1,0
18216.0,18216.0,1,1
127.0,10,1,0
322.0,10,1,0
7.0,7.0,1,0
421.0,55.0,1,0
351.0,15.0,3,0
18354.0,18354.0,0,1
117.0,10,2,0
312.0,10,1,0
500,10,0,0
366.0,70,1,0
336.0,68,1,0
18469.0,18469.0,1,1
107.0,10,0,0
302.0,10,0,0
490,10,0,0
296.0,10,0,0
268.0,10,4,0
18577.0,18577.0,4,1
97.0,15.0,4,0
292.0,10,4,0
480,10,4,0
286.0,10,4,0
258.0,10,1,0
18632.0,18632.0,0,1
82.0,47,1,0
282.0,50.0,1,0
470,63,1,0
276.0,10,4,0
248.0,10,1,0
18812.0,18812.0,1,1
35.0,10,0,0
232.0,59,0,0
407.0,61.0,2,0
266.0,10,4,0
238.0,10,2,0
18962.0,18962.0,2,1
25.0,10,2,0
173.0,10,2,0
346.0,68,4,0
256.0,15.0,2,0
228.0,15.0,1,0
19075.0,19075.0,1,1
15.0,10,0,0
163.0,10,2,0
278.0,10,2,0
241.0,60,0,0
213.0,57,2,0
19180.0,19180.0,2,1
5.0,5.0,2,0
153.0,10,1,0
268.0,10,1,0
181.0,10,1,0
156.0,10,1,0
19272.0,19272.0,1,1
500.0,15.0,1,0
143.0,10,0,0
258.0,10,0,0
171.0,10,2,0
146.0,10,2,0
19327.0,19327.0,6,1
485.0,79,2,0
133.0,15.0,2,0
248.0,10,2,0
161.0,10,2,0
136.0,10,5,0
19451.0,19451.0,1,1
406.0,10,1,0
118.0,50,0,0
238.0,15.0,0,0
151.0,10,0,0
126.0,10,0,0
19546.0,19546.0,0,1
396.0,10,1,0
68.0,10,2,0
223.0,58,1,0
141.0,15.0,1,0
116.0,15.0,1,0
19649.0,19649.0,0,1
386.0,10,1,0
58.0,10,1,0
165.0,10,2,0
126.0,50,0,0
101.0,49,4,0
19744.0,19744.0,4,1
376.0,10,4,0
48.0,10,4,0
155.0,10,4,0
76.0,10,4,0
52.0,10,0,0
19833.0,19833.0,0,1
366.0,15.0,0,0
38.0,10,2,0
145.0,10,0,0
66.0,10,6,0
42.0,10,1,0
19888.0,19888.0,2,1
351.0,68,2,0
28.0,15.0,1,0
135.0,10,1,0
56.0,10,2,0
32.0,10,2,0
20001.0,20001.0,1,1
283.0,10,0,0
13.0,13.0,1,0
125.0,32.0,1,0
46.0,10,4,0
22.0,10,2,0
20076.0,20076.0,5,1
273.0,10,0,0
500,10,5,0
93.0,48,5,0
36.0,15.0,1,0
12.0,12.0,5,0
20169.0,20169.0,1,1
263.0,10,2,0
490,10,1,0
45.0,10,0,0
21.0,21.0,0,0
500,81,1,0
20232.0,20232.0,1,1
253.0,10,1,0
480,10,0,0
35.0,10,2,0
500,10,1,0
419,10,0,0
20353.0,20353.0,2,1
243.0,15.0,2,0
470,10,0,0
25.0,10,6,0
490,10,0,0
409,10,1,0
20408.0,20408.0,2,1
228.0,58,3,0
460.0,66.0,2,0
15.0,10,1,0
480,67,1,0
399,10,1,0
20619.0,20619.0,2,1
170.0,10,0,0
394.0,71,0,0
5.0,5.0,0,0
413,10,0,0
389,10,3,0
20725.0,20725.0,2,1
160.0,10,2,0
323.0,10,2,0
500,81,2,0
403.0,15.0,6,0
379.0,15.0,2,0
20851.0,20851.0,2,1
150.0,10,1,0
313.0,10,1,0
419,10,1,0
388.0,72,2,0
364.0,70,2,0
20968.0,20968.0,4,1
140.0,10,2,0
303.0,10,1,0
409,10,6,0
316.0,10,2,0
294.0,10,1,0
21078.0,21078.0,1,1
130.0,15.0,1,0
293.0,10,2,0
399,10,1,0
306.0,10,2,0
284.0,10,1,0
21133.0,21133.0,0,1
115.0,49,0,0
283.0,50.0,1,0
389,56,0,0
296.0,10,1,0
274.0,10,1,0
21308.0,21308.0,1,1
66.0,10,0,0
233.0,58,1,0
333.0,15.0,0,0
286.0,10,0,0
264.0,10,0,0
21411.0,21411.0,1,1
56.0,10,1,0
175.0,10,0,0
318.0,66,1,0
276.0,15.0,1,0
254.0,15.0,6,0
21522.0,21522.0,1,1
46.0,10,1,0
165.0,10,2,0
252.0,10,2,0
261.0,62,1,0
239.0,59,5,0
21629.0,21629.0,5,1
36.0,10,5,0
155.0,10,1,0
242.0,10,1,0
199.0,10,4,0
180.0,10,2,0
21728.0,21728.0,2,1
26.0,15.0,2,0
145.0,10,2,0
232.0,10,2,0
189.0,10,2,0
170.0,10,4,0
21783.0,21783.0,1,1
11.0,11.0,1,0
135.0,33.0,0,0
222.0,37,4,0
179.0,10,4,0
160.0,10,0,0
21884.0,21884.0,0,1
500,10,2,0
102.0,48,0,0
185.0,15.0,1,0
169.0,10,5,0
150.0,10,1,0
21977.0,21977.0,0,1
490,10,1,0
54.0,10,0,0
170.0,53,0,0
159.0,15.0,0,0
140.0,15.0,0,0
22075.0,22075.0,2,1
480,10,0,0
44.0,10,2,0
117.0,10,0,0
144.0,52,0,0
125.0,50,0,0
22172.0,22172.0,1,1
470,10,2,0
34.0,10,1,0
107.0,10,0,0
92.0,10,0,0
75.0,10,0,0
22262.0,22262.0,1,1
460.0,15.0,2,0
24.0,10,1,0
97.0,10,0,0
82.0,10,1,0
65.0,10,1,0
22317.0,22317.0,2,1
445.0,76,1,0
14.0,14.0,1,0
87.0,10,1,0
72.0,10,2,0
55.0,10,0,0
22437.0,22437.0,4,1
369.0,10,1,0
500,81,1,0
77.0,15.0,1,0
62.0,10,0,0
45.0,10,5,0
22563.0,22563.0,5,1
359.0,10,5,0
419,10,5,0
62.0,46,5,0
52.0,15.0,5,0
35.0,15.0,4,0
22654.0,22654.0,2,1
349.0,10,2,0
409,10,2,0
16.0,10,2,0
37.0,37.0,1,0
20.0,20.0,0,0
22736.0,22736.0,0,1
339.0,10,1,0
399,10,2,0
6.0,6.0,0,0
500,10,0,0
500,10,1,0
22792.0,22792.0,1,1
329.0,15.0,2,0
389,10,2,0
500,10,2,0
490,10,1,0
490,10,0,0
22847.0,22847.0,0,1
314.0,65,0,0
379.0,15.0,1,0
490,10,0,0
480,10,0,0
480,69,1,0
22957.0,22957.0,1,1
249.0,10,1,0
364.0,69,1,0
480.0,69.0,1,0
470,10,2,0
411,10,2,0
23184.0,23184.0,1,1
239.0,10,1,0
295.0,10,1,0
411.0,73,2,0
460.0,15.0,1,0
401.0,15.0,0,0
23302.0,23302.0,0,1
229.0,10,1,0
285.0,10,1,0
338.0,10,1,0
445.0,76,1,0
386.0,71,0,0
23423.0,23423.0,1,1
219.0,10,1,0
275.0,10,0,0
328.0,10,2,0
369.0,10,1,0
315.0,10,1,0
23534.0,23534.0,0,1
209.0,15.0,0,0
265.0,10,0,0
318.0,10,0,0
359.0,10,0,0
305.0,10,0,0
23589.0,23589.0,1,1
194.0,56,1,0
255.0,15.0,3,0
308.0,10,2,0
349.0,10,1,0
295.0,10,1,0
23690.0,23690.0,2,1
138.0,10,2,0
240.0,60,2,0
298.0,15.0,1,0
339.0,10,5,0
285.0,10,1,0
23795.0,23795.0,0,1
128.0,10,1,0
180.0,10,2,0
283.0,64,0,0
329.0,15.0,2,0
275.0,15.0,2,0
23904.0,23904.0,1,1
118.0,10,2,0
170.0,10,2,0
219.0,10,2,0
314.0,65,1,0
260.0,62,6,0
24014.0,24014.0,2,1
108.0,10,2,0
160.0,10,5,0
209.0,10,2,0
249.0,10,6,0
198.0,10,2,0
24116.0,24116.0,1,1
98.0,15.0,1,0
150.0,10,1,0
199.0,10,2,0
239.0,10,2,0
188.0,10,4,0
24171.0,24171.0,0,1
83.0,46,4,0
140.0,15.0,1,0
189.0,10,0,0
229.0,10,2,0
178.0,10,2,0
24262.0,24262.0,6,1
37.0,10,2,0
125.0,51,2,0
179.0,15.0,0,0
219.0,10,2,0
168.0,10,1,0
24358.0,24358.0,0,1
27.0,10,2,0
74.0,10,0,0
164.0,53,0,0
209.0,15.0,0,0
158.0,15.0,5,0
24456.0,24456.0,5,1
17.0,10,4,0
64.0,10,4,0
111.0,10,5,0
194.0,56,4,0
143.0,52,5,0
24557.0,24557.0,1,1
7.0,7.0,3,0
54.0,10,2,0
101.0,10,5,0
138.0,10,1,0
91.0,10,0,0
24646.0,24646.0,0,1
500.0,15.0,0,0
44.0,10,0,0
91.0,10,0,0
128.0,10,1,0
81.0,10,1,0
24701.0,24701.0,1,1
485.0,79,1,0
34.0,15.0,5,0
81.0,10,5,0
118.0,10,5,0
71.0,10,3,0
24825.0,24825.0,2,1
406.0,10,1,0
19.0,19.0,2,0
71.0,29.0,2,0
108.0,10,4,0
61.0,10,2,0
24903.0,24903.0,1,1
396.0,10,1,0
500,10,1,0
42.0,42.0,0,0
98.0,15.0,1,0
51.0,15.0,2,0
24990.0,24990.0,2,1
386.0,10,2,0
490,10,2,0
500,10,2,0
83.0,47,6,0
36.0,36.0,2,0
25082.0,25082.0,3,1
376.0,10,2,0
480,10,2,0
490,10,2,0
36.0,10,1,0
500,10,4,0
25158.0,25158.0,2,1
366.0,15.0,0,0
470,10,4,0
480,10,1,0
26.0,10,0,0
490,75,3,0
25213.0,25213.0,1,1
351.0,68,4,0
460.0,68.0,1,0
470,68,1,0
16.0,10,2,0
415,10,2,0
25502.0,25502.0,1,1
283.0,10,3,0
392.0,71,1,0
402.0,15.0,2,0
6.0,6.0,2,0
405,10,1,0
25614.0,25614.0,2,1
273.0,10,2,0
321.0,10,1,0
387.0,72,1,0
500.0,15.0,1,0
395.0,15.0,5,0
25731.0,25731.0,5,1
263.0,10,1,0
311.0,10,2,0
315.0,10,5,0
485.0,79,0,0
380.0,72,2,0
25855.0,25855.0,1,1
253.0,10,1,0
301.0,10,1,0
305.0,10,1,0
406.0,10,2,0
308.0,10,2,0
25967.0,25967.0,2,1
243.0,15.0,1,0
291.0,10,1,0
295.0,10,5,0
396.0,10,2,0
298.0,10,0,0
26022.0,26022.0,1,1
228.0,59,0,0
281.0,15.0,1,0
285.0,10,2,0
386.0,10,1,0
288.0,10,1,0
26126.0,26126.0,5,1
169.0,10,3,0
266.0,62,5,0
275.0,15.0,2,0
376.0,10,2,0
278.0,10,6,0
26233.0,26233.0,2,1
159.0,10,2,0
204.0,10,2,0
260.0,61,3,0
366.0,15.0,2,0
268.0,15.0,0,0
26339.0,26339.0,0,1
149.0,10,0,0
194.0,10,0,0
199.0,10,2,0
351.0,69,0,0
253.0,61,1,0
26453.0,26453.0,3,1
139.0,10,1,0
184.0,10,2,0
189.0,10,1,0
282.0,10,2,0
192.0,10,2,0
26554.0,26554.0,0,1
129.0,15.0,2,0
174.0,10,0,0
179.0,10,1,0
272.0,10,2,0
182.0,10,0,0
26609.0,26609.0,0,1
114.0,50,1,0
164.0,15.0,4,0
169.0,10,0,0
262.0,10,0,0
172.0,10,2,0
26704.0,26704.0,0,1
64.0,10,0,0
149.0,52,2,0
159.0,15.0,2,0
252.0,10,2,0
162.0,10,5,0
26801.0,26801.0,4,1
54.0,10,2,0
97.0,10,3,0
144.0,51,1,0
242.0,15.0,2,0
152.0,15.0,1,0
26897.0,26897.0,1,1
44.0,10,2,0
87.0,10,1,0
93.0,10,4,0
227.0,58,6,0
137.0,51,4,0
27000.0,27000.0,2,1
34.0,10,2,0
77.0,10,0,0
83.0,10,0,0
169.0,10,0,0
86.0,10,1,0
27091.0,27091.0,1,1
24.0,15.0,1,0
67.0,10,5,0
73.0,10,0,0
159.0,10,2,0
76.0,10,1,0
27146.0,27146.0,1,1
9.0,9.0,2,0
57.0,26.0,1,0
63.0,10,2,0
149.0,30,2,0
66.0,10,1,0
27231.0,27231.0,2,1
500,10,2,0
31.0,31.0,1,0
53.0,15.0,1,0
119.0,10,2,0
56.0,10,1,0
27307.0,27307.0,1,1
490,10,1,0
500,10,2,0
38.0,38.0,1,0
109.0,15.0,1,0
46.0,15.0,0,0
27390.0,27390.0,2,1
480,10,0,0
490,10,0,0
500,10,0,0
94.0,48,2,0
31.0,31.0,3,0
27483.0,27483.0,1,1
470,10,2,0
480,10,1,0
490,10,2,0
46.0,10,1,0
500,10,2,0
27554.0,27554.0,2,1
460.0,15.0,2,0
470,10,2,0
480,10,2,0
36.0,10,2,0
490,10,1,0
27609.0,27609.0,2,1
445.0,76,1,0
460.0,15.0,2,0
470,10,1,0
26.0,10,1,0
480,10,3,0
27730.0,27730.0,6,1
369.0,10,3,0
445.0,76,3,0
460.0,15.0,6,0
16.0,10,4,0
470,10,2,0
27851.0,27851.0,0,1
359.0,10,4,0
369.0,10,1,0
445.0,75,1,0
6.0,6.0,1,0
460.0,15.0,0,0
27962.0,27962.0,0,1
349.0,10,0,0
359.0,10,1,0
370.0,10,1,0
500,81,3,0
445.0,76,0,0
28088.0,28088.0,1,1
339.0,10,1,0
349.0,10,0,0
360.0,10,1,0
419,10,0,0
369.0,10,1,0
28204.0,28204.0,0,1
329.0,15.0,2,0
339.0,10,4,0
350.0,10,4,0
409,10,1,0
359.0,10,2,0
28259.0,28259.0,0,1
314.0,66,2,0
329.0,15.0,2,0
340.0,10,2,0
399,10,3,0
349.0,10,2,0
28370.0,28370.0,1,1
248.0,10,1,0
314.0,65,2,0
330.0,15.0,1,0
389,10,1,0
339.0,10,2,0
28480.0,28480.0,2,1
238.0,10,1,0
249.0,10,1,0
315.0,66,3,0
379.0,15.0,1,0
329.0,15.0,2,0
28591.0,28591.0,2,1
228.0,10,1,0
239.0,10,2,0
249.0,10,3,0
364.0,70,2,0
314.0,66,0,0
28706.0,28706.0,0,1
218.0,10,2,0
229.0,10,1,0
239.0,10,1,0
294.0,10,4,0
248.0,10,4,0
28812.0,28812.0,4,1
208.0,15.0,2,0
219.0,10,3,0
229.0,10,1,0
284.0,10,4,0
238.0,10,2,0
28867.0,28867.0,3,1
193.0,56,1,0
209.0,15.0,1,0
219.0,10,2,0
274.0,10,1,0
228.0,10,2,0
28968.0,28968.0,1,1
137.0,10,0,0
194.0,55,0,0
209.0,15.0,1,0
264.0,10,1,0
218.0,10,1,0
29068.0,29068.0,2,1
127.0,10,1,0
139.0,10,1,0
194.0,56,1,0
254.0,15.0,1,0
208.0,15.0,1,0
29169.0,29169.0,1,1
117.0,10,0,0
129.0,10,0,0
138.0,10,0,0
239.0,59,0,0
193.0,56,0,0
29273.0,29273.0,6,1
107.0,10,2,0
119.0,10,0,0
128.0,10,0,0
180.0,10,4,0
137.0,10,6,0
29369.0,29369.0,2,1
97.0,15.0,2,0
109.0,10,2,0
118.0,10,6,0
170.0,10,2,0
127.0,10,1,0
29424.0,29424.0,1,1
82.0,47,1,0
99.0,15.0,1,0
108.0,10,2,0
160.0,10,2,0
117.0,10,0,0
29516.0,29516.0,1,1
35.0,10,1,0
84.0,47,0,0
98.0,15.0,4,0
150.0,10,4,0
107.0,10,3,0
29608.0,29608.0,2,1
25.0,10,4,0
37.0,10,1,0
83.0,46,2,0
140.0,15.0,2,0
97.0,15.0,0,0
29699.0,29699.0,0,1
15.0,10,1,0
27.0,10,1,0
37.0,10,1,0
125.0,51,0,0
82.0,46,1,0
29795.0,29795.0,2,1
5.0,5.0,1,0
17.0,10,2,0
27.0,10,1,0
74.0,10,2,0
36.0,10,0,0
29876.0,29876.0,0,1
500.0,15.0,0,0
7.0,7.0,0,0
17.0,10,0,0
64.0,10,1,0
26.0,10,2,0
29928.0,29928.0,1,1
485.0,79,1,0
500.0,15.0,1,0
7.0,7.0,2,0
54.0,10,2,0
16.0,10,2,0
30049.0,30049.0,2,1
406.0,10,1,0
485.0,79,3,0
500.0,15.0,1,0
44.0,10,2,0
6.0,6.0,2,0
30173.0,30173.0,2,1
396.0,10,2,0
406.0,10,1,0
485.0,79,1,0
34.0,15.0,2,0
500.0,63.0,2,0
30293.0,30293.0,4,1
386.0,10,2,0
396.0,10,1,0
406.0,10,4,0
19.0,19.0,2,0
437.0,75,2,0
30405.0,30405.0,0,1
376.0,10,0,0
386.0,10,0,0
396.0,10,2,0
500,10,2,0
362.0,10,0,0
30520.0,30520.0,1,1
366.0,15.0,1,0
376.0,10,0,0
386.0,10,1,0
490,10,0,0
352.0,10,0,0
30575.0,30575.0,1,1
351.0,68,0,0
366.0,15.0,1,0
376.0,10,1,0
480,10,1,0
342.0,10,0,0
30688.0,30688.0,0,1
283.0,10,1,0
351.0,68,2,0
366.0,15.0,0,0
470,10,0,0
332.0,10,2,0
30801.0,30801.0,2,1
273.0,10,2,0
283.0,10,2,0
351.0,68,1,0
460.0,68.0,2,0
322.0,15.0,0,0
30967.0,30967.0,1,1
263.0,10,0,0
273.0,10,1,0
283.0,10,0,0
392.0,72,0,0
307.0,65,0,0
31084.0,31084.0,0,1
253.0,10,0,0
263.0,10,0,0
273.0,10,0,0
320.0,10,0,0
242.0,10,0,0
31189.0,31189.0,1,1
243.0,15.0,5,0
253.0,10,1,0
263.0,10,1,0
310.0,10,5,0
232.0,10,5,0
31244.0,31244.0,0,1
228.0,59,1,0
243.0,15.0,0,0
253.0,10,0,0
300.0,10,0,0
222.0,10,1,0
31348.0,31348.0,1,1
169.0,10,0,0
228.0,59,0,0
243.0,15.0,0,0
290.0,10,0,0
212.0,10,2,0
31452.0,31452.0,2,1
159.0,10,0,0
169.0,10,2,0
228.0,59,0,0
280.0,15.0,0,0
202.0,15.0,2,0
31556.0,31556.0,2,1
149.0,10,2,0
159.0,10,1,0
169.0,10,1,0
265.0,62,1,0
187.0,56,1,0
31663.0,31663.0,2,1
139.0,10,1,0
149.0,10,2,0
159.0,10,2,0
203.0,10,1,0
131.0,10,2,0
31759.0,31759.0,2,1
129.0,15.0,1,0
139.0,10,2,0
149.0,10,1,0
193.0,10,1,0
121.0,10,0,0
31814.0,31814.0,0,1
114.0,49,0,0
129.0,15.0,0,0
139.0,10,0,0
183.0,10,1,0
111.0,10,0,0
31908.0,31908.0,1,1
65.0,10,2,0
114.0,49,0,0
129.0,15.0,1,0
173.0,10,1,0
101.0,10,1,0
32002.0,32002.0,0,1
55.0,10,0,0
65.0,10,1,0
114.0,49,1,0
163.0,15.0,1,0
91.0,15.0,0,0
32096.0,32096.0,0,1
45.0,10,2,0
55.0,10,1,0
65.0,10,5,0
148.0,52,1,0
76.0,47,1,0
32193.0,32193.0,0,1
35.0,10,0,0
45.0,10,1,0
55.0,10,5,0
96.0,10,0,0
29.0,10,1,0
32280.0,32280.0,4,1
25.0,15.0,2,0
35.0,10,1,0
45.0,10,4,0
86.0,10,2,0
19.0,10,1,0
32335.0,32335.0,1,1
10.0,10.0,1,0
25.0,24.0,4,0
35.0,10,2,0
76.0,24,2,0
9.0,9.0,2,0
32413.0,32413.0,1,1
500,10,0,0
1.0,1.0,1,0
25.0,23.0,0,0
52.0,10,0,0
500,58,2,0
32466.0,32466.0,1,1
490,10,2,0
500,10,1,0
2.0,2.0,1,0
42.0,25.0,0,0
442.0,59.0,0,0
32571.0,32571.0,1,1
480,10,0,0
490,10,4,0
500,10,1,0
17.0,17.0,0,0
383.0,71,2,0
32677.0,32677.0,1,1
470,10,2,0
480,10,2,0
490,10,2,0
500,10,1,0
312.0,10,6,0
32788.0,32788.0,3,1
460.0,15.0,3,0
470,10,6,0
480,10,3,0
490,10,3,0
302.0,10,2,0
32843.0,32843.0,1,1
445.0,76,2,0
460.0,15.0,0,0
470,10,2,0
480,10,1,0
292.0,10,3,0
32964.0,32964.0,5,1
369.0,10,2,0
445.0,76,2,0
460.0,15.0,1,0
470,10,2,0
282.0,10,2,0
33085.0,33085.0,2,1
359.0,10,2,0
369.0,10,1,0
445.0,77,1,0
460.0,15.0,1,0
272.0,15.0,4,0
33207.0,33207.0,2,1
349.0,10,2,0
359.0,10,2,0
368.0,10,2,0
445.0,76,6,0
257.0,61,2,0
33328.0,33328.0,1,1
339.0,10,2,0
349.0,10,1,0
358.0,10,1,0
369.0,10,2,0
196.0,10,1,0
33429.0,33429.0,0,1
329.0,15.0,0,0
339.0,10,1,0
348.0,10,0,0
359.0,10,0,0
186.0,10,4,0
33484.0,33484.0,0,1
314.0,65,0,0
329.0,15.0,3,0
338.0,10,1,0
349.0,10,0,0
176.0,10,4,0
33594.0,33594.0,2,1
249.0,10,1,0
314.0,66,4,0
328.0,15.0,1,0
339.0,10,2,0
166.0,10,2,0
33705.0,33705.0,2,1
239.0,10,1,0
248.0,10,1,0
313.0,66,1,0
329.0,15.0,2,0
156.0,15.0,2,0
33816.0,33816.0,1,1
229.0,10,1,0
238.0,10,1,0
247.0,10,2,0
314.0,66,4,0
141.0,51,1,0
33927.0,33927.0,1,1
219.0,10,6,0
228.0,10,2,0
237.0,10,6,0
248.0,10,1,0
90.0,10,1,0
34018.0,34018.0,1,1
209.0,15.0,2,0
218.0,10,2,0
227.0,10,2,0
238.0,10,1,0
80.0,10,1,0
34073.0,34073.0,1,1
194.0,56,4,0
208.0,15.0,3,0
217.0,10,1,0
228.0,10,2,0
70.0,10,2,0
34174.0,34174.0,2,1
138.0,10,2,0
193.0,56,2,0
207.0,15.0,2,0
218.0,10,2,0
60.0,10,1,0
34275.0,34275.0,4,1
128.0,10,2,0
137.0,10,1,0
192.0,55,5,0
208.0,15.0,1,0
50.0,15.0,2,0
34375.0,34375.0,2,1
118.0,10,1,0
127.0,10,1,0
137.0,10,1,0
193.0,56,5,0
35.0,35.0,1,0
34476.0,34476.0,2,1
108.0,10,1,0
117.0,10,2,0
127.0,10,1,0
137.0,10,3,0
500,10,2,0
34551.0,34551.0,1,1
98.0,15.0,2,0
107.0,10,2,0
117.0,10,2,0
127.0,10,2,0
490,61,1,0
34606.0,34606.0,0,1
83.0,48,0,0
97.0,15.0,0,0
107.0,10,0,0
117.0,10,1,0
429,57,4,0
34750.0,34750.0,2,1
35.0,10,1,0
82.0,47,1,0
97.0,15.0,3,0
107.0,10,1,0
372,52,4,0
34889.0,34889.0,1,1
25.0,10,1,0
35.0,10,1,0
82.0,47,4,0
97.0,15.0,6,0
320.0,54.0,1,0
35023.0,35023.0,1,1
15.0,10,2,0
25.0,10,2,0
35.0,10,1,0
82.0,47,1,0
266.0,61,6,0
35154.0,35154.0,6,1
5.0,5.0,2,0
15.0,10,2,0
25.0,10,2,0
35.0,10,6,0
205.0,10,2,0
35250.0,35250.0,6,1
500.0,15.0,6,0
5.0,5.0,2,0
15.0,10,2,0
25.0,10,2,0
195.0,10,0,0
35300.0,35300.0,1,1
485.0,80,4,0
500.0,15.0,1,0
5.0,5.0,0,0
15.0,10,0,0
185.0,10,5,0
35420.0,35420.0,2,1
405.0,10,1,0
485.0,79,2,0
500.0,15.0,1,0
5.0,5.0,2,0
175.0,10,0,0
35539.0,35539.0,0,1
395.0,10,5,0
406.0,10,2,0
485.0,80,0,0
500.0,15.0,1,0
165.0,15.0,1,0
35664.0,35664.0,1,1
385.0,10,3,0
396.0,10,1,0
405.0,10,1,0
485.0,80,2,0
150.0,53,2,0
35789.0,35789.0,1,1
375.0,10,1,0
386.0,10,3,0
395.0,10,2,0
405.0,10,2,0
97.0,10,0,0
35882.0,35882.0,1,1
365.0,15.0,0,0
376.0,10,0,0
385.0,10,4,0
395.0,10,1,0
87.0,10,2,0
35937.0,35937.0,2,1
350.0,69,1,0
366.0,15.0,3,0
375.0,10,2,0
385.0,10,1,0
77.0,10,1,0
36051.0,36051.0,2,1
281.0,10,1,0
351.0,69,6,0
365.0,15.0,1,0
375.0,10,2,0
67.0,10,0,0
36165.0,36165.0,0,1
271.0,10,0,0
282.0,10,1,0
350.0,68,1,0
365.0,15.0,1,0
57.0,15.0,1,0
36278.0,36278.0,2,1
261.0,10,1,0
272.0,10,4,0
282.0,10,3,0
350.0,69,1,0
42.0,42.0,2,0
36392.0,36392.0,1,1
251.0,10,2,0
262.0,10,1,0
272.0,10,2,0
281.0,10,2,0
500,10,3,0
36474.0,36474.0,3,1
241.0,15.0,3,0
252.0,10,3,0
262.0,10,3,0
271.0,10,7,0
490,63,2,0
36529.0,36529.0,2,1
226.0,59,6,0
242.0,15.0,2,0
252.0,10,1,0
261.0,10,5,0
427,58,2,0
36686.0,36686.0,1,1
167.0,10,1,0
227.0,58,1,0
242.0,15.0,1,0
251.0,10,2,0
369,10,3,0
36837.0,36837.0,3,1
157.0,10,3,0
169.0,10,3,0
227.0,58,3,0
241.0,15.0,3,0
359.0,58.0,2,0
36940.0,36940.0,2,1
147.0,10,2,0
159.0,10,1,0
169.0,10,1,0
226.0,58,1,0
301.0,64,1,0
37086.0,37086.0,1,1
137.0,10,1,0
149.0,10,1,0
159.0,10,1,0
168.0,10,0,0
237.0,10,2,0
37190.0,37190.0,4,1
127.0,15.0,2,0
139.0,10,2,0
149.0,10,1,0
158.0,10,2,0
227.0,10,2,0
37245.0,37245.0,2,1
112.0,49,1,0
129.0,15.0,2,0
139.0,10,2,0
148.0,10,1,0
217.0,10,6,0
37339.0,37339.0,7,1
63.0,10,3,0
114.0,49,3,0
129.0,15.0,3,0
138.0,10,3,0
207.0,10,2,0
37433.0,37433.0,2,1
53.0,10,2,0
65.0,10,1,0
114.0,49,1,0
128.0,15.0,2,0
197.0,15.0,1,0
37527.0,37527.0,2,1
43.0,10,1,0
55.0,10,1,0
65.0,10,2,0
113.0,50,1,0
182.0,55,4,0
37622.0,37622.0,1,1
33.0,10,1,0
45.0,10,1,0
55.0,10,1,0
63.0,10,0,0
127.0,10,1,0
37717.0,37717.0,0,1
23.0,15.0,1,0
35.0,10,0,0
45.0,10,2,0
53.0,10,1,0
117.0,27,1,0
37772.0,37772.0,1,1
8.0,8.0,1,0
25.0,23.0,1,0
35.0,10,3,0
43.0,10,1,0
90.0,24,2,0
37850.0,37850.0,2,1
500,10,1,0
2.0,2.0,2,0
25.0,23.0,1,0
33.0,10,3,0
66.0,10,0,0
37919.0,37919.0,0,1
490,10,1,0
500,10,1,0
2.0,2.0,1,0
23.0,23.0,0,0
56.0,15.0,1,0
37974.0,37974.0,2,1
480,10,1,0
490,10,2,0
500,10,2,0
500,81,1,0
41.0,41.0,0,0
38100.0,38100.0,0,1
470,10,1,0
480,10,0,0
490,10,0,0
419,10,0,0
500,10,2,0
38181.0,38181.0,0,1
460.0,15.0,2,0
470,10,3,0
480,10,0,0
409,10,0,0
490,10,0,0
38236.0,38236.0,1,1
445.0,77,4,0
460.0,15.0,4,0
470,10,1,0
399,10,0,0
480,10,2,0
38358.0,38358.0,1,1
368.0,10,2,0
445.0,76,2,0
460.0,15.0,3,0
389,10,2,0
470,10,1,0
38479.0,38479.0,0,1
358.0,10,1,0
369.0,10,1,0
445.0,76,2,0
379.0,15.0,2,0
460.0,15.0,1,0
38600.0,38600.0,2,1
348.0,10,4,0
359.0,10,1,0
369.0,10,2,0
364.0,69,2,0
445.0,76,0,0
38714.0,38714.0,1,1
338.0,10,1,0
349.0,10,4,0
359.0,10,1,0
295.0,10,3,0
369.0,10,0,0
38830.0,38830.0,0,1
328.0,15.0,1,0
339.0,10,0,0
349.0,10,1,0
285.0,10,1,0
359.0,10,1,0
38885.0,38885.0,4,1
313.0,66,1,0
329.0,15.0,4,0
339.0,10,0,0
275.0,10,2,0
349.0,10,1,0
38996.0,38996.0,1,1
247.0,10,1,0
314.0,66,2,0
329.0,15.0,4,0
265.0,10,4,0
339.0,10,1,0
39107.0,39107.0,0,1
237.0,10,1,0
248.0,10,0,0
314.0,66,0,0
255.0,15.0,1,0
329.0,15.0,4,0
39218.0,39218.0,2,1
227.0,10,1,0
238.0,10,0,0
248.0,10,0,0
240.0,59,0,0
314.0,66,4,0
39322.0,39322.0,4,1
217.0,10,4,0
228.0,10,4,0
238.0,10,4,0
181.0,10,5,0
248.0,10,3,0
39428.0,39428.0,3,1
207.0,15.0,3,0
218.0,10,6,0
228.0,10,7,0
171.0,10,6,0
238.0,10,7,0
39483.0,39483.0,2,1
192.0,56,1,0
208.0,15.0,6,0
218.0,10,1,0
161.0,10,1,0
228.0,10,1,0
39584.0,39584.0,2,1
136.0,10,2,0
193.0,55,1,0
208.0,15.0,1,0
151.0,10,1,0
218.0,10,3,0
39684.0,39684.0,3,1
126.0,10,3,0
138.0,10,3,0
193.0,56,3,0
141.0,15.0,3,0
208.0,15.0,2,0
39785.0,39785.0,0,1
116.0,10,2,0
128.0,10,0,0
137.0,10,0,0
126.0,50,2,0
193.0,55,1,0
39880.0,39880.0,1,1
106.0,10,1,0
118.0,10,1,0
127.0,10,3,0
76.0,10,1,0
138.0,10,1,0
39975.0,39975.0,2,1
96.0,15.0,1,0
108.0,10,0,0
117.0,10,2,0
66.0,10,2,0
128.0,10,0,0
40030.0,40030.0,1,1
81.0,47,1,0
98.0,15.0,0,0
107.0,10,1,0
56.0,10,2,0
118.0,10,1,0
40122.0,40122.0,2,1
34.0,10,1,0
83.0,47,5,0
97.0,15.0,1,0
46.0,10,2,0
108.0,10,1,0
40214.0,40214.0,1,1
24.0,10,0,0
36.0,10,1,0
82.0,47,1,0
36.0,15.0,1,0
98.0,32.0,1,0
40306.0,40306.0,0,1
14.0,10,1,0
26.0,10,2,0
35.0,10,0,0
21.0,21.0,0,0
66.0,45,0,0
40389.0,40389.0,1,1
4.0,4.0,0,0
16.0,10,0,0
25.0,10,0,0
500,10,2,0
21.0,10,2,0
40468.0,40468.0,0,1
500.0,15.0,1,0
6.0,6.0,4,0
15.0,10,0,0
490,10,1,0
11.0,10,1,0
40519.0,40519.0,1,1
485.0,79,2,0
500.0,15.0,1,0
5.0,5.0,1,0
480,10,2,0
1.0,1.0,1,0
40638.0,40638.0,1,1
406.0,10,3,0
485.0,78,1,0
500.0,15.0,2,0
470,10,2,0
500,10,4,0
40752.0,40752.0,0,1
396.0,10,2,0
407.0,10,1,0
485.0,79,2,0
460.0,15.0,1,0
490.0,15.0,1,0
40876.0,40876.0,1,1
386.0,10,0,0
397.0,10,0,0
406.0,10,0,0
445.0,76,0,0
475.0,79,1,0
40997.0,40997.0,1,1
376.0,10,1,0
387.0,10,4,0
396.0,10,0,0
369.0,10,2,0
396.0,10,2,0
41116.0,41116.0,1,1
366.0,15.0,0,0
377.0,10,1,0
386.0,10,1,0
359.0,10,0,0
386.0,10,2,0
41171.0,41171.0,1,1
351.0,69,6,0
367.0,15.0,6,0
376.0,10,1,0
349.0,10,1,0
376.0,10,2,0
41285.0,41285.0,2,1
282.0,10,3,0
352.0,68,2,0
366.0,15.0,1,0
339.0,10,1,0
366.0,10,2,0
41398.0,41398.0,2,1
272.0,10,4,0
284.0,10,2,0
351.0,68,2,0
329.0,15.0,2,0
356.0,15.0,2,0
41511.0,41511.0,2,1
262.0,10,2,0
274.0,10,6,0
283.0,10,2,0
314.0,66,2,0
341.0,68,1,0
41622.0,41622.0,2,1
252.0,10,2,0
264.0,10,2,0
273.0,10,5,0
248.0,10,2,0
273.0,10,6,0
41730.0,41730.0,2,1
242.0,15.0,2,0
254.0,10,2,0
263.0,10,1,0
238.0,10,2,0
263.0,10,0,0
41785.0,41785.0,1,1
227.0,58,0,0
244.0,15.0,0,0
253.0,10,5,0
228.0,10,0,0
253.0,10,1,0
41888.0,41888.0,5,1
169.0,10,0,0
229.0,59,0,0
243.0,15.0,1,0
218.0,10,0,0
243.0,10,5,0
41992.0,41992.0,5,1
159.0,10,5,0
170.0,10,5,0
228.0,59,5,0
208.0,15.0,5,0
233.0,15.0,1,0
42096.0,42096.0,1,1
149.0,10,1,0
160.0,10,2,0
169.0,10,2,0
193.0,56,1,0
218.0,57,2,0
42197.0,42197.0,1,1
139.0,10,1,0
150.0,10,1,0
159.0,10,2,0
137.0,10,1,0
161.0,10,5,0
42294.0,42294.0,5,1
129.0,15.0,2,0
140.0,10,5,0
149.0,10,2,0
127.0,10,2,0
151.0,10,0,0
42349.0,42349.0,0,1
114.0,49,1,0
130.0,15.0,0,0
139.0,10,1,0
117.0,10,0,0
141.0,10,0,0
42443.0,42443.0,0,1
65.0,10,1,0
115.0,50,0,0
129.0,15.0,2,0
107.0,10,5,0
131.0,10,0,0
42538.0,42538.0,0,1
55.0,10,0,0
65.0,10,5,0
114.0,49,5,0
97.0,15.0,1,0
121.0,15.0,1,0
42632.0,42632.0,2,1
45.0,10,2,0
55.0,10,0,0
65.0,10,4,0
82.0,47,0,0
106.0,48,1,0
42724.0,42724.0,0,1
35.0,10,0,0
45.0,10,2,0
55.0,10,0,0
35.0,10,4,0
58.0,10,4,0
42812.0,42812.0,4,1
25.0,15.0,2,0
35.0,10,0,0
45.0,10,2,0
25.0,10,1,0
48.0,10,0,0
42867.0,42867.0,2,1
10.0,10.0,0,0
25.0,24.0,1,0
35.0,10,0,0
15.0,10,1,0
38.0,10,0,0
42931.0,42931.0,3,1
500,10,1,0
1.0,1.0,0,0
25.0,22.0,1,0
5.0,5.0,0,0
28.0,10,0,0
42979.0,42979.0,2,1
490,10,0,0
500,10,2,0
3.0,3.0,0,0
500.0,61.0,1,0
18.0,15.0,1,0
43073.0,43073.0,1,1
480,10,1,0
490,10,6,0
500,10,1,0
439.0,75,1,0
3.0,3.0,2,0
43193.0,43193.0,2,1
470,10,1,0
480,10,1,0
490,10,3,0
364.0,10,1,0
500,10,2,0
43236.0,43236.0,5,1
460.0,15.0,1,0
470,10,3,0
480,10,4,0
354.0,10,1,0
490,10,6,0
43291.0,43291.0,3,1
445.0,77,3,0
460.0,15.0,3,0
470,10,3,0
344.0,10,3,0
480,10,2,0
43413.0,43413.0,2,1
368.0,10,1,0
445.0,76,1,0
460.0,15.0,1,0
334.0,10,1,0
470,10,0,0
43534.0,43534.0,4,1
358.0,10,1,0
369.0,10,2,0
445.0,76,0,0
324.0,15.0,0,0
460.0,67.0,1,0
43655.0,43655.0,3,1
348.0,10,2,0
359.0,10,1,0
369.0,10,2,0
309.0,65,1,0
393.0,72,2,0
43817.0,43817.0,0,1
338.0,10,2,0
349.0,10,0,0
359.0,10,0,0
244.0,10,2,0
321.0,10,2,0
43929.0,43929.0,2,1
328.0,15.0,2,0
339.0,10,2,0
349.0,10,2,0
234.0,10,2,0
311.0,10,2,0
43984.0,43984.0,2,1
313.0,66,1,0
329.0,15.0,2,0
339.0,10,5,0
224.0,10,1,0
301.0,10,0,0
44095.0,44095.0,1,1
247.0,10,0,0
314.0,65,2,0
329.0,15.0,0,0
214.0,10,0,0
291.0,10,0,0
44205.0,44205.0,3,1
237.0,10,3,0
249.0,10,1,0
314.0,65,0,0
204.0,15.0,0,0
281.0,15.0,2,0
44315.0,44315.0,1,1
227.0,10,6,0
239.0,10,1,0
249.0,10,1,0
189.0,55,4,0
266.0,62,2,0
44415.0,44415.0,1,1
217.0,10,2,0
229.0,10,1,0
239.0,10,1,0
134.0,10,1,0
204.0,10,1,0
44517.0,44517.0,1,1
207.0,15.0,2,0
219.0,10,1,0
229.0,10,0,0
124.0,10,0,0
194.0,10,1,0
44572.0,44572.0,0,1
192.0,56,1,0
209.0,15.0,1,0
219.0,10,1,0
114.0,10,0,0
184.0,10,1,0
44673.0,44673.0,2,1
136.0,10,2,0
194.0,56,1,0
209.0,15.0,2,0
104.0,10,2,0
174.0,10,2,0
44774.0,44774.0,3,1
126.0,10,1,0
138.0,10,0,0
194.0,56,2,0
94.0,15.0,1,0
164.0,15.0,0,0
44875.0,44875.0,0,1
116.0,10,1,0
128.0,10,0,0
138.0,10,0,0
79.0,47,0,0
149.0,53,0,0
44967.0,44967.0,0,1
106.0,10,2,0
118.0,10,0,0
128.0,10,2,0
32.0,10,0,0
96.0,10,2,0
45060.0,45060.0,2,1
96.0,15.0,6,0
108.0,10,2,0
118.0,10,2,0
22.0,10,2,0
86.0,10,1,0
45115.0,45115.0,0,1
81.0,47,0,0
98.0,15.0,1,0
108.0,10,0,0
12.0,10,1,0
76.0,10,5,0
45207.0,45207.0,2,1
34.0,10,0,0
83.0,47,5,0
98.0,15.0,2,0
2.0,2.0,5,0
66.0,10,2,0
45291.0,45291.0,2,1
24.0,10,2,0
36.0,10,2,0
83.0,47,6,0
500.0,68.0,6,0
56.0,15.0,1,0
45436.0,45436.0,2,1
14.0,10,1,0
26.0,10,2,0
36.0,10,2,0
432.0,75,1,0
41.0,41.0,0,0
45556.0,45556.0,0,1
4.0,4.0,1,0
16.0,10,1,0
26.0,10,0,0
357.0,10,1,0
500,10,1,0
45631.0,45631.0,2,1
500.0,15.0,0,0
6.0,6.0,5,0
16.0,10,0,0
347.0,10,1,0
490,10,0,0
45682.0,45682.0,2,1
485.0,79,1,0
500.0,15.0,1,0
6.0,6.0,1,0
337.0,10,1,0
480,10,1,0
45802.0,45802.0,0,1
406.0,10,1,0
485.0,79,0,0
500.0,15.0,0,0
327.0,10,0,0
470,10,1,0
45926.0,45926.0,2,1
396.0,10,1,0
406.0,10,1,0
485.0,79,1,0
317.0,15.0,2,0
460.0,67.0,0,0
46050.0,46050.0,1,1
386.0,10,1,0
396.0,10,1,0
406.0,10,1,0
302.0,65,0,0
393.0,73,1,0
46212.0,46212.0,0,1
376.0,10,0,0
386.0,10,1,0
396.0,10,0,0
237.0,10,0,0
320.0,10,0,0
46325.0,46325.0,0,1
366.0,15.0,1,0
376.0,10,0,0
386.0,10,0,0
227.0,10,1,0
310.0,10,2,0
46380.0,46380.0,2,1
351.0,68,2,0
366.0,15.0,2,0
376.0,10,0,0
217.0,10,2,0
300.0,10,3,0
46493.0,46493.0,1,1
283.0,10,1,0
351.0,69,2,0
366.0,15.0,2,0
207.0,10,2,0
290.0,10,5,0
46607.0,46607.0,2,1
273.0,10,2,0
282.0,10,7,0
351.0,68,2,0
197.0,15.0,5,0
280.0,15.0,1,0
46720.0,46720.0,1,1
263.0,10,0,0
272.0,10,0,0
283.0,10,0,0
182.0,55,0,0
265.0,61,4,0
46820.0,46820.0,1,1
253.0,10,4,0
262.0,10,2,0
273.0,10,2,0
127.0,10,1,0
204.0,10,2,0
46921.0,46921.0,1,1
243.0,15.0,1,0
252.0,10,1,0
263.0,10,2,0
117.0,10,3,0
194.0,10,2,0
46976.0,46976.0,1,1
228.0,58,2,0
242.0,15.0,1,0
253.0,10,2,0
107.0,10,1,0
184.0,10,1,0
47079.0,47079.0,2,1
170.0,10,0,0
227.0,58,1,0
243.0,15.0,1,0
97.0,10,1,0
174.0,10,0,0
47182.0,47182.0,2,1
160.0,10,0,0
169.0,10,2,0
228.0,58,1,0
87.0,15.0,0,0
164.0,15.0,1,0
47285.0,47285.0,1,1
150.0,10,1,0
159.0,10,0,0
170.0,10,1,0
72.0,46,1,0
149.0,52,2,0
47376.0,47376.0,0,1
140.0,10,0,0
149.0,10,1,0
160.0,10,0,0
26.0,10,0,0
97.0,10,2,0
47468.0,47468.0,1,1
130.0,15.0,1,0
139.0,10,1,0
150.0,10,0,0
16.0,10,0,0
87.0,10,0,0
47523.0,47523.0,4,1
115.0,49,0,0
129.0,15.0,1,0
140.0,10,2,0
6.0,6.0,1,0
77.0,10,2,0
47613.0,47613.0,0,1
66.0,10,0,0
114.0,49,0,0
130.0,15.0,0,0
500,63,1,0
67.0,10,1,0
47760.0,47760.0,1,1
56.0,10,2,0
65.0,10,1,0
115.0,50,2,0
437.0,63.0,2,0
57.0,15.0,2,0
47903.0,47903.0,2,1
46.0,10,2,0
55.0,10,2,0
65.0,10,2,0
374.0,71,6,0
42.0,42.0,0,0
48019.0,48019.0,1,1
36.0,10,1,0
45.0,10,0,0
55.0,10,0,0
303.0,10,1,0
500,10,1,0
48101.0,48101.0,0,1
26.0,15.0,4,0
35.0,10,1,0
45.0,10,0,0
293.0,10,2,0
490,61,1,0
48156.0,48156.0,1,1
11.0,11.0,0,0
25.0,24.0,0,0
35.0,10,1,0
283.0,40,0,0
429,55,2,0
48302.0,48302.0,1,1
500,10,2,0
1.0,1.0,1,0
25.0,23.0,5,0
243.0,36,2,0
374,49,2,0
48427.0,48427.0,2,1
490,10,1,0
500,10,3,0
2.0,2.0,1,0
207.0,38.0,3,0
325.0,54.0,0,0
48536.0,48536.0,0,1
480,10,1,0
490,10,1,0
500,10,0,0
169.0,54,1,0
271.0,62,2,0
48674.0,48674.0,0,1
470,10,2,0
480,10,2,0
490,10,0,0
115.0,10,0,0
209.0,10,0,0
48776.0,48776.0,2,1
460.0,15.0,2,0
470,10,0,0
480,10,2,0
105.0,10,2,0
199.0,10,1,0
48831.0,48831.0,2,1
445.0,76,3,0
460.0,15.0,1,0
470,10,1,0
95.0,10,2,0
189.0,10,1,0
48952.0,48952.0,2,1
369.0,10,1,0
445.0,76,2,0
460.0,15.0,1,0
85.0,10,1,0
179.0,10,2,0
49073.0,49073.0,1,1
359.0,10,4,0
369.0,10,0,0
445.0,76,2,0
75.0,15.0,0,0
169.0,15.0,2,0
49194.0,49194.0,0,1
349.0,10,0,0
359.0,10,0,0
369.0,10,1,0
60.0,45,0,0
154.0,52,3,0
49284.0,49284.0,1,1
339.0,10,1,0
349.0,10,1,0
359.0,10,6,0
15.0,10,1,0
102.0,10,1,0
49376.0,49376.0,1,1
329.0,15.0,0,0
339.0,10,0,0
349.0,10,1,0
5.0,5.0,0,0
92.0,10,2,0
49426.0,49426.0,2,1
314.0,66,2,0
329.0,15.0,1,0
339.0,10,3,0
500,10,1,0
82.0,10,0,0
49537.0,49537.0,4,1
248.0,10,0,0
314.0,66,0,0
329.0,15.0,1,0
490,10,1,0
72.0,10,0,0
49648.0,49648.0,5,1
238.0,10,0,0
248.0,10,1,0
314.0,65,1,0
480.0,69.0,2,0
62.0,15.0,1,0
49812.0,49812.0,1,1
228.0,10,0,0
238.0,10,2,0
249.0,10,1,0
411.0,74,2,0
47.0,44,1,0
49931.0,49931.0,1,1
218.0,10,5,0
228.0,10,2,0
239.0,10,1,0
337.0,10,2,0
3.0,3.0,1,0
50015.0,50015.0,1,1
208.0,15.0,2,0
218.0,10,2,0
229.0,10,1,0
327.0,10,1,0
500,64,2,0
50063.0,50063.0,1,1
193.0,55,2,0
208.0,15.0,3,0
219.0,10,2,0
317.0,10,1,0
436,59,4,0
50217.0,50217.0,1,1
138.0,10,1,0
193.0,56,1,0
209.0,15.0,1,0
307.0,10,0,0
377,10,0,0
50367.0,50367.0,1,1
128.0,10,0,0
137.0,10,0,0
194.0,56,2,0
297.0,15.0,0,0
367.0,15.0,0,0
50468.0,50468.0,0,1
118.0,10,1,0
127.0,10,1,0
138.0,10,1,0
282.0,63,1,0
352.0,68,2,0
50576.0,50576.0,4,1
108.0,10,6,0
117.0,10,1,0
128.0,10,2,0
219.0,10,4,0
284.0,10,1,0
50684.0,50684.0,1,1
98.0,15.0,0,0
107.0,10,1,0
118.0,10,0,0
209.0,10,2,0
274.0,10,1,0
50739.0,50739.0,0,1
83.0,46,0,0
97.0,15.0,1,0
108.0,10,1,0
199.0,10,0,0
264.0,10,0,0
50830.0,50830.0,0,1
37.0,10,0,0
82.0,46,0,0
98.0,15.0,0,0
189.0,10,0,0
254.0,10,1,0
50921.0,50921.0,3,1
27.0,10,2,0
36.0,10,1,0
83.0,47,2,0
179.0,15.0,1,0
244.0,15.0,0,0
51013.0,51013.0,2,1
17.0,10,0,0
26.0,10,0,0
36.0,10,1,0
164.0,54,1,0
229.0,59,2,0
51112.0,51112.0,1,1
7.0,7.0,2,0
16.0,10,2,0
26.0,10,2,0
110.0,10,1,0
170.0,10,2,0
51208.0,51208.0,2,1
500.0,15.0,1,0
6.0,6.0,1,0
16.0,10,3,0
100.0,10,1,0
160.0,10,4,0
51259.0,51259.0,1,1
485.0,80,1,0
500.0,15.0,5,0
6.0,6.0,2,0
90.0,10,3,0
150.0,10,0,0
51380.0,51380.0,2,1
405.0,10,1,0
485.0,79,1,0
500.0,15.0,1,0
80.0,10,0,0
140.0,10,4,0
51504.0,51504.0,0,1
395.0,10,0,0
406.0,10,0,0
485.0,80,1,0
70.0,15.0,4,0
130.0,15.0,0,0
51629.0,51629.0,1,1
385.0,10,0,0
396.0,10,0,0
405.0,10,1,0
55.0,45,0,0
115.0,49,4,0
51719.0,51719.0,0,1
375.0,10,3,0
386.0,10,2,0
395.0,10,0,0
10.0,10,0,0
66.0,10,2,0
51808.0,51808.0,2,1
365.0,15.0,6,0
376.0,10,2,0
385.0,10,3,0
500,10,2,0
56.0,10,2,0
51863.0,51863.0,2,1
350.0,69,2,0
366.0,15.0,2,0
375.0,10,2,0
490,10,2,0
46.0,10,0,0
51977.0,51977.0,0,1
281.0,10,0,0
351.0,68,0,0
365.0,15.0,0,0
480,10,0,0
36.0,10,2,0
52090.0,52090.0,2,1
271.0,10,1,0
283.0,10,3,0
350.0,68,1,0
470.0,68.0,2,0
26.0,15.0,0,0
52256.0,52256.0,5,1
261.0,10,4,0
273.0,10,4,0
282.0,10,2,0
402.0,72,4,0
11.0,11.0,1,0
52373.0,52373.0,0,1
251.0,10,0,0
263.0,10,1,0
272.0,10,4,0
330.0,10,4,0
500,10,0,0
52424.0,52424.0,1,1
241.0,15.0,2,0
253.0,10,2,0
262.0,10,0,0
320.0,10,0,0
490,63,1,0
52479.0,52479.0,1,1
226.0,58,1,0
243.0,15.0,0,0
252.0,10,0,0
310.0,10,1,0
427,58,3,0
52635.0,52635.0,0,1
168.0,10,0,0
228.0,58,0,0
242.0,15.0,2,0
300.0,10,2,0
369,10,1,0
52786.0,52786.0,1,1
158.0,10,1,0
170.0,10,2,0
227.0,59,2,0
290.0,15.0,2,0
359.0,15.0,0,0
52890.0,52890.0,1,1
148.0,10,1,0
160.0,10,1,0
168.0,10,0,0
275.0,62,0,0
344.0,68,0,0
52997.0,52997.0,2,1
138.0,10,5,0
150.0,10,0,0
158.0,10,1,0
213.0,10,0,0
276.0,10,0,0
53105.0,53105.0,0,1
128.0,15.0,2,0
140.0,10,0,0
148.0,10,1,0
203.0,10,2,0
266.0,10,1,0
53160.0,53160.0,2,1
113.0,50,2,0
130.0,15.0,1,0
138.0,10,1,0
193.0,10,2,0
256.0,10,2,0
53255.0,53255.0,1,1
63.0,10,1,0
115.0,50,6,0
128.0,15.0,1,0
183.0,10,1,0
246.0,10,2,0
53350.0,53350.0,2,1
53.0,10,1,0
65.0,10,1,0
113.0,49,2,0
173.0,15.0,2,0
236.0,15.0,1,0
53444.0,53444.0,1,1
43.0,10,1,0
55.0,10,1,0
64.0,10,2,0
158.0,53,1,0
221.0,58,0,0
53542.0,53542.0,4,1
33.0,10,1,0
45.0,10,0,0
54.0,10,4,0
105.0,10,5,0
163.0,10,1,0
53640.0,53640.0,1,1
23.0,15.0,0,0
35.0,10,1,0
44.0,10,1,0
95.0,10,1,0
153.0,31,1,0
53695.0,53695.0,2,1
8.0,8.0,3,0
25.0,23.0,1,0
34.0,10,2,0
85.0,25,2,0
122.0,26,4,0
53792.0,53792.0,1,1
500,10,0,0
2.0,2.0,1,0
24.0,23.0,1,0
60.0,10,2,0
96.0,10,1,0
53863.0,53863.0,2,1
490,10,1,0
500,10,0,0
1.0,1.0,0,0
50.0,25.0,1,0
86.0,31.0,1,0
53919.0,53919.0,1,1
480,10,1,0
490,10,6,0
500,10,2,0
25.0,25.0,3,0
55.0,45,1,0
54005.0,54005.0,1,1
470,10,0,0
480,10,0,0
490,10,0,0
500,10,1,0
10.0,10,2,0
54090.0,54090.0,1,1
460.0,15.0,1,0
470,10,2,0
480,10,2,0
490,10,1,0
500,10,0,0
54145.0,54145.0,0,1
445.0,76,4,0
460.0,15.0,0,0
470,10,4,0
480,10,2,0
490,10,1,0
54266.0,54266.0,0,1
369.0,10,3,0
445.0,76,1,0
460.0,15.0,0,0
470,10,0,0
480,10,0,0
54387.0,54387.0,0,1
359.0,10,1,0
369.0,10,1,0
445.0,76,0,0
460.0,15.0,1,0
470.0,15.0,1,0
54508.0,54508.0,0,1
349.0,10,5,0
359.0,10,5,0
369.0,10,0,0
445.0,76,0,0
455.0,77,1,0
54629.0,54629.0,4,1
339.0,10,4,0
349.0,10,0,0
359.0,10,2,0
369.0,10,1,0
378.0,10,1,0
54746.0,54746.0,1,1
329.0,15.0,2,0
339.0,10,3,0
349.0,10,3,0
359.0,10,1,0
368.0,10,1,0
54801.0,54801.0,0,1
314.0,65,1,0
329.0,15.0,1,0
339.0,10,4,0
349.0,10,0,0
358.0,10,1,0
54911.0,54911.0,1,1
249.0,10,2,0
314.0,65,2,0
329.0,15.0,1,0
339.0,10,1,0
348.0,10,2,0
55021.0,55021.0,1,1
239.0,10,1,0
249.0,10,0,0
314.0,66,0,0
329.0,15.0,0,0
338.0,15.0,5,0
55132.0,55132.0,1,1
229.0,10,0,0
239.0,10,1,0
248.0,10,2,0
314.0,66,1,0
323.0,67,2,0
55243.0,55243.0,6,1
219.0,10,2,0
229.0,10,2,0
238.0,10,2,0
248.0,10,2,0
256.0,10,0,0
55350.0,55350.0,0,1
209.0,15.0,1,0
219.0,10,0,0
228.0,10,0,0
238.0,10,2,0
246.0,10,0,0
55405.0,55405.0,1,1
194.0,55,1,0
209.0,15.0,1,0
218.0,10,1,0
228.0,10,2,0
236.0,10,0,0
55505.0,55505.0,0,1
139.0,10,0,0
194.0,56,1,0
208.0,15.0,0,0
218.0,10,1,0
226.0,10,2,0
55606.0,55606.0,2,1
129.0,10,2,0
138.0,10,2,0
193.0,55,2,0
208.0,15.0,2,0
216.0,15.0,1,0
55706.0,55706.0,1,1
119.0,10,1,0
128.0,10,1,0
138.0,10,3,0
193.0,56,1,0
201.0,57,2,0
55807.0,55807.0,1,1
109.0,10,1,0
118.0,10,0,0
128.0,10,0,0
137.0,10,1,0
144.0,10,2,0
55904.0,55904.0,2,1
99.0,15.0,2,0
108.0,10,2,0
118.0,10,2,0
127.0,10,2,0
134.0,10,0,0
55959.0,55959.0,1,1
84.0,47,1,0
98.0,15.0,0,0
108.0,10,1,0
117.0,10,1,0
124.0,10,1,0
56051.0,56051.0,2,1
37.0,10,2,0
83.0,46,3,0
98.0,15.0,2,0
107.0,10,1,0
114.0,10,1,0
56142.0,56142.0,2,1
27.0,10,0,0
37.0,10,0,0
83.0,47,0,0
97.0,15.0,1,0
104.0,15.0,0,0
56234.0,56234.0,0,1
17.0,10,5,0
27.0,10,0,0
36.0,10,0,0
82.0,46,1,0
89.0,47,6,0
56325.0,56325.0,4,1
7.0,7.0,2,0
17.0,10,2,0
26.0,10,2,0
36.0,10,2,0
42.0,10,2,0
56409.0,56409.0,1,1
500.0,15.0,2,0
7.0,7.0,2,0
16.0,10,3,0
26.0,10,1,0
32.0,10,0,0
56461.0,56461.0,0,1
485.0,79,2,0
500.0,15.0,0,0
6.0,6.0,0,0
16.0,10,1,0
22.0,10,0,0
56581.0,56581.0,1,1
406.0,10,0,0
485.0,79,0,0
500.0,15.0,1,0
6.0,6.0,1,0
12.0,10,2,0
56701.0,56701.0,3,1
396.0,10,2,0
406.0,10,2,0
485.0,80,2,0
500.0,15.0,1,0
2.0,2.0,0,0
56826.0,56826.0,0,1
386.0,10,0,0
396.0,10,0,0
405.0,10,0,0
485.0,78,1,0
500,81,1,0
56936.0,56936.0,0,1
376.0,10,0,0
386.0,10,0,0
395.0,10,0,0
407.0,10,0,0
419,10,2,0
57057.0,57057.0,2,1
366.0,15.0,2,0
376.0,10,2,0
385.0,10,3,0
397.0,10,6,0
409,10,1,0
57112.0,57112.0,2,1
351.0,68,1,0
366.0,15.0,1,0
375.0,10,0,0
387.0,10,1,0
399,10,1,0
57225.0,57225.0,2,1
283.0,10,1,0
351.0,68,2,0
365.0,15.0,6,0
377.0,10,2,0
389,10,1,0
57338.0,57338.0,2,1
273.0,10,4,0
283.0,10,2,0
350.0,69,0,0
367.0,15.0,0,0
379.0,15.0,1,0
57452.0,57452.0,2,1
263.0,10,2,0
273.0,10,3,0
281.0,10,2,0
352.0,69,2,0
364.0,70,1,0
57566.0,57566.0,1,1
253.0,10,6,0
263.0,10,1,0
271.0,10,4,0
283.0,10,1,0
294.0,10,1,0
57676.0,57676.0,1,1
243.0,15.0,1,0
253.0,10,1,0
261.0,10,1,0
273.0,10,1,0
284.0,10,2,0
57731.0,57731.0,2,1
228.0,59,2,0
243.0,15.0,1,0
251.0,10,2,0
263.0,10,3,0
274.0,10,5,0
57835.0,57835.0,1,1
169.0,10,0,0
228.0,58,0,0
241.0,15.0,0,0
253.0,10,5,0
264.0,10,0,0
57938.0,57938.0,4,1
159.0,10,2,0
170.0,10,3,0
226.0,59,0,0
243.0,15.0,1,0
254.0,15.0,4,0
58042.0,58042.0,4,1
149.0,10,2,0
160.0,10,2,0
167.0,10,1,0
228.0,59,1,0
239.0,60,0,0
58146.0,58146.0,4,1
139.0,10,2,0
150.0,10,0,0
157.0,10,0,0
169.0,10,0,0
179.0,10,2,0
58246.0,58246.0,6,1
129.0,15.0,2,0
140.0,10,6,0
147.0,10,2,0
159.0,10,1,0
169.0,10,1,0
58301.0,58301.0,0,1
114.0,50,1,0
130.0,15.0,2,0
137.0,10,0,0
149.0,10,0,0
159.0,10,1,0
58396.0,58396.0,0,1
64.0,10,4,0
115.0,50,0,0
127.0,15.0,0,0
139.0,10,0,0
149.0,10,3,0
58491.0,58491.0,7,1
54.0,10,3,0
65.0,10,3,0
112.0,49,3,0
129.0,15.0,3,0
139.0,15.0,0,0
58585.0,58585.0,0,1
44.0,10,0,0
55.0,10,1,0
63.0,10,1,0
114.0,49,0,0
124.0,50,2,0
58679.0,58679.0,2,1
34.0,10,2,0
45.0,10,2,0
53.0,10,6,0
65.0,10,2,0
74.0,10,0,0
58769.0,58769.0,3,1
24.0,15.0,1,0
35.0,10,1,0
43.0,10,1,0
55.0,10,0,0
64.0,10,2,0
58824.0,58824.0,2,1
9.0,9.0,2,0
25.0,23.0,4,0
33.0,10,2,0
45.0,10,2,0
54.0,10,2,0
58886.0,58886.0,1,1
500,10,2,0
2.0,2.0,1,0
23.0,23.0,2,0
35.0,10,1,0
44.0,10,1,0
58941.0,58941.0,0,1
490,10,0,0
500,10,0,0
500,81,0,0
25.0,15.0,1,0
34.0,24.0,5,0
59067.0,59067.0,1,1
480,10,2,0
490,10,0,0
419,10,1,0
10.0,10.0,0,0
10.0,10.0,1,0
59131.0,59131.0,2,1
470,10,1,0
480,10,2,0
409,10,4,0
500,10,1,0
500,10,1,0
59181.0,59181.0,1,1
460.0,15.0,3,0
470,10,2,0
399,10,1,0
490,10,1,0
490,10,0,0
59236.0,59236.0,1,1
445.0,76,2,0
460.0,15.0,0,0
389,10,1,0
480,10,1,0
480,10,1,0
59357.0,59357.0,2,1
369.0,10,0,0
445.0,76,1,0
379.0,15.0,0,0
470,10,0,0
470,10,2,0
59478.0,59478.0,2,1
359.0,10,2,0
369.0,10,2,0
364.0,69,4,0
460.0,15.0,2,0
460.0,15.0,1,0
59592.0,59592.0,1,1
349.0,10,0,0
359.0,10,1,0
295.0,10,0,0
445.0,76,0,0
445.0,76,0,0
59713.0,59713.0,2,1
339.0,10,4,0
349.0,10,0,0
285.0,10,0,0
369.0,10,4,0
369.0,10,5,0
59829.0,59829.0,5,1
329.0,15.0,1,0
339.0,10,4,0
275.0,10,5,0
359.0,10,1,0
359.0,10,1,0
59884.0,59884.0,1,1
314.0,66,1,0
329.0,15.0,1,0
265.0,10,2,0
349.0,10,2,0
349.0,10,2,0
59995.0,59995.0,1,1
248.0,10,5,0
314.0,65,2,0
255.0,15.0,1,0
339.0,10,1,0
339.0,10,3,0
60105.0,60105.0,0,1
238.0,10,0,0
249.0,10,1,0
240.0,60,1,0
329.0,15.0,0,0
329.0,15.0,1,0
60210.0,60210.0,1,1
228.0,10,0,0
239.0,10,0,0
180.0,10,0,0
314.0,65,0,0
314.0,66,1,0
60320.0,60320.0,0,1
218.0,10,1,0
229.0,10,0,0
170.0,10,1,0
249.0,10,5,0
248.0,10,1,0
60426.0,60426.0,0,1
208.0,15.0,0,0
219.0,10,1,0
160.0,10,2,0
239.0,10,0,0
238.0,10,1,0
60481.0,60481.0,2,1
193.0,56,1,0
209.0,15.0,1,0
150.0,10,4,0
229.0,10,1,0
228.0,10,1,0
60582.0,60582.0,2,1
137.0,10,1,0
194.0,56,1,0
140.0,15.0,1,0
219.0,10,0,0
218.0,10,1,0
60683.0,60683.0,1,1
127.0,10,1,0
138.0,10,2,0
125.0,50,1,0
209.0,15.0,1,0
208.0,15.0,1,0
60778.0,60778.0,1,1
117.0,10,2,0
128.0,10,2,0
75.0,10,1,0
194.0,56,2,0
193.0,55,1,0
60879.0,60879.0,1,1
107.0,10,0,0
118.0,10,1,0
65.0,10,0,0
138.0,10,0,0
138.0,10,1,0
60974.0,60974.0,2,1
97.0,15.0,1,0
108.0,10,1,0
55.0,10,1,0
128.0,10,3,0
128.0,10,1,0
61029.0,61029.0,1,1
82.0,47,1,0
98.0,15.0,2,0
45.0,10,1,0
118.0,10,2,0
118.0,10,1,0
61121.0,61121.0,1,1
35.0,10,1,0
83.0,47,6,0
35.0,15.0,1,0
108.0,10,1,0
108.0,10,1,0
61213.0,61213.0,0,1
25.0,10,1,0
36.0,10,0,0
20.0,20.0,0,0
98.0,31.0,2,0
98.0,15.0,1,0
61294.0,61294.0,1,1
15.0,10,0,0
26.0,10,0,0
500,10,4,0
67.0,46,1,0
83.0,47,1,0
61385.0,61385.0,2,1
5.0,5.0,1,0
16.0,10,2,0
490,10,2,0
21.0,10,2,0
36.0,10,1,0
61467.0,61467.0,0,1
500.0,15.0,1,0
6.0,6.0,4,0
480,10,0,0
11.0,10,1,0
26.0,10,4,0
61518.0,61518.0,0,1
485.0,78,1,0
500.0,15.0,0,0
470,10,4,0
1.0,1.0,1,0
16.0,10,6,0
61632.0,61632.0,3,1
407.0,10,6,0
485.0,79,3,0
460.0,15.0,6,0
500,10,3,0
6.0,6.0,0,0
61756.0,61756.0,0,1
397.0,10,1,0
406.0,10,1,0
445.0,76,1,0
490.0,15.0,4,0
500.0,15.0,0,0
61873.0,61873.0,2,1
387.0,10,0,0
396.0,10,2,0
369.0,10,0,0
475.0,79,2,0
485.0,80,4,0
61997.0,61997.0,4,1
377.0,10,0,0
386.0,10,0,0
359.0,10,4,0
396.0,10,1,0
405.0,10,0,0
62117.0,62117.0,0,1
367.0,15.0,4,0
376.0,10,0,0
349.0,10,0,0
386.0,10,4,0
395.0,10,2,0
62172.0,62172.0,1,1
352.0,69,4,0
366.0,15.0,4,0
339.0,10,1,0
376.0,10,5,0
385.0,10,0,0
62286.0,62286.0,1,1
283.0,10,1,0
351.0,68,2,0
329.0,15.0,0,0
366.0,10,0,0
375.0,10,1,0
62399.0,62399.0,2,1
273.0,10,0,0
283.0,10,1,0
314.0,66,0,0
356.0,15.0,1,0
365.0,15.0,1,0
62510.0,62510.0,1,1
263.0,10,1,0
273.0,10,3,0
248.0,10,2,0
341.0,67,1,0
350.0,68,3,0
62622.0,62622.0,3,1
253.0,10,3,0
263.0,10,3,0
238.0,10,3,0
274.0,10,3,0
282.0,10,2,0
62730.0,62730.0,1,1
243.0,15.0,1,0
253.0,10,1,0
228.0,10,0,0
264.0,10,1,0
272.0,10,1,0
62785.0,62785.0,1,1
228.0,58,1,0
243.0,15.0,6,0
218.0,10,1,0
254.0,10,1,0
262.0,10,1,0
62888.0,62888.0,2,1
170.0,10,1,0
228.0,58,2,0
208.0,15.0,3,0
244.0,10,1,0
252.0,10,1,0
62991.0,62991.0,0,1
160.0,10,1,0
170.0,10,0,0
193.0,55,0,0
234.0,15.0,1,0
242.0,15.0,0,0
63091.0,63091.0,1,1
150.0,10,1,0
160.0,10,1,0
138.0,10,0,0
219.0,58,1,0
227.0,59,1,0
63194.0,63194.0,0,1
140.0,10,0,0
150.0,10,1,0
128.0,10,0,0
161.0,10,0,0
168.0,10,2,0
63293.0,63293.0,6,1
130.0,15.0,2,0
140.0,10,6,0
118.0,10,2,0
151.0,10,4,0
158.0,10,2,0
63348.0,63348.0,3,1
115.0,49,1,0
130.0,15.0,1,0
108.0,10,2,0
141.0,10,2,0
148.0,10,1,0
63442.0,63442.0,2,1
66.0,10,2,0
115.0,49,1,0
98.0,15.0,1,0
131.0,10,2,0
138.0,10,2,0
63536.0,63536.0,1,1
56.0,10,5,0
66.0,10,1,0
83.0,47,4,0
121.0,15.0,0,0
128.0,15.0,4,0
63628.0,63628.0,4,1
46.0,10,4,0
56.0,10,4,0
36.0,10,4,0
106.0,48,4,0
113.0,50,0,0
63721.0,63721.0,0,1
36.0,10,0,0
46.0,10,2,0
26.0,10,1,0
58.0,10,0,0
63.0,10,2,0
63811.0,63811.0,2,1
26.0,15.0,2,0
36.0,10,2,0
16.0,10,2,0
48.0,10,1,0
53.0,10,1,0
63866.0,63866.0,1,1
11.0,11.0,0,0
26.0,24.0,0,0
6.0,6.0,1,0
38.0,10,0,0
43.0,10,1,0
63927.0,63927.0,1,1
500,10,4,0
2.0,2.0,0,0
500.0,61.0,1,0
28.0,10,0,0
33.0,10,1,0
64020.0,64020.0,1,1
490,10,1,0
500,10,4,0
439.0,75,1,0
18.0,15.0,0,0
23.0,23.0,1,0
64140.0,64140.0,2,1
480,10,1,0
490,10,4,0
364.0,10,2,0
3.0,3.0,2,0
500,80,1,0
64196.0,64196.0,1,1
470,10,1,0
480,10,1,0
354.0,10,2,0
500,10,1,0
420,10,1,0
64316.0,64316.0,2,1
460.0,15.0,2,0
470,10,1,0
344.0,10,2,0
490,10,3,0
410,10,0,0
64371.0,64371.0,0,1
445.0,76,1,0
460.0,15.0,2,0
334.0,10,0,0
480,10,1,0
400,10,1,0
64492.0,64492.0,1,1
369.0,10,2,0
445.0,76,4,0
324.0,15.0,1,0
470,10,1,0
390,10,2,0
64613.0,64613.0,1,1
359.0,10,3,0
369.0,10,1,0
309.0,65,1,0
460.0,68.0,1,0
380.0,15.0,0,0
64776.0,64776.0,0,1
349.0,10,0,0
359.0,10,1,0
244.0,10,2,0
392.0,72,2,0
365.0,70,1,0
64893.0,64893.0,5,1
339.0,10,4,0
349.0,10,1,0
234.0,10,1,0
320.0,10,4,0
295.0,10,3,0
65003.0,65003.0,3,1
329.0,15.0,6,0
339.0,10,6,0
224.0,10,4,0
310.0,10,6,0
285.0,10,1,0
65058.0,65058.0,0,1
314.0,65,1,0
329.0,15.0,0,0
214.0,10,1,0
300.0,10,4,0
275.0,10,0,0
65168.0,65168.0,1,1
249.0,10,1,0
314.0,65,4,0
204.0,15.0,0,0
290.0,10,0,0
265.0,10,2,0
65278.0,65278.0,1,1
239.0,10,1,0
249.0,10,2,0
189.0,55,2,0
280.0,15.0,1,0
255.0,15.0,1,0
65378.0,65378.0,0,1
229.0,10,2,0
239.0,10,0,0
134.0,10,0,0
265.0,61,0,0
240.0,59,4,0
65484.0,65484.0,1,1
219.0,10,0,0
229.0,10,0,0
124.0,10,1,0
204.0,10,4,0
181.0,10,2,0
65583.0,65583.0,2,1
209.0,15.0,2,0
219.0,10,2,0
114.0,10,2,0
194.0,10,2,0
171.0,10,6,0
65638.0,65638.0,2,1
194.0,56,6,0
209.0,15.0,2,0
104.0,10,2,0
184.0,10,2,0
161.0,10,2,0
65739.0,65739.0,1,1
138.0,10,4,0
194.0,55,1,0
94.0,15.0,4,0
174.0,10,1,0
151.0,10,1,0
65839.0,65839.0,1,1
128.0,10,2,0
139.0,10,4,0
79.0,46,1,0
164.0,15.0,1,0
141.0,15.0,1,0
65930.0,65930.0,1,1
118.0,10,1,0
129.0,10,1,0
33.0,10,3,0
149.0,52,4,0
126.0,50,2,0
66027.0,66027.0,0,1
108.0,10,2,0
119.0,10,0,0
23.0,10,0,0
97.0,10,2,0
76.0,10,5,0
66117.0,66117.0,0,1
98.0,15.0,1,0
109.0,10,0,0
13.0,10,0,0
87.0,10,1,0
66.0,10,0,0
66172.0,66172.0,0,1
83.0,46,1,0
99.0,15.0,1,0
3.0,3.0,1,0
77.0,10,4,0
56.0,10,1,0
66256.0,66256.0,2,1
37.0,10,2,0
84.0,47,2,0
500.0,67.0,3,0
67.0,10,1,0
46.0,10,0,0
66400.0,66400.0,3,1
27.0,10,0,0
37.0,10,1,0
433.0,75,0,0
57.0,15.0,4,0
36.0,15.0,1,0
66520.0,66520.0,2,1
17.0,10,4,0
27.0,10,1,0
358.0,10,1,0
42.0,42.0,1,0
21.0,21.0,3,0
66607.0,66607.0,1,1
7.0,7.0,1,0
17.0,10,4,0
348.0,10,4,0
500,10,4,0
500,10,1,0
66665.0,66665.0,1,1
500.0,15.0,1,0
7.0,7.0,4,0
338.0,10,4,0
490,10,2,0
490,10,2,0
66717.0,66717.0,2,1
485.0,80,2,0
500.0,15.0,1,0
328.0,10,2,0
480,10,2,0
480,10,1,0
66842.0,66842.0,1,1
405.0,10,0,0
485.0,80,0,0
318.0,15.0,0,0
470,10,1,0
470,68,1,0
66967.0,66967.0,1,1
395.0,10,2,0
405.0,10,1,0
303.0,64,1,0
460.0,68.0,2,0
402.0,15.0,2,0
67187.0,67187.0,0,1
385.0,10,0,0
395.0,10,0,0
239.0,10,2,0
392.0,72,2,0
387.0,71,0,0
67304.0,67304.0,0,1
375.0,10,0,0
385.0,10,1,0
229.0,10,1,0
320.0,10,0,0
316.0,10,1,0
67415.0,67415.0,2,1
365.0,15.0,1,0
375.0,10,2,0
219.0,10,1,0
310.0,10,1,0
306.0,10,0,0
67470.0,67470.0,5,1
350.0,68,0,0
365.0,15.0,2,0
209.0,10,1,0
300.0,10,0,0
296.0,10,2,0
67583.0,67583.0,2,1
282.0,10,2,0
350.0,68,1,0
199.0,15.0,2,0
290.0,10,1,0
286.0,10,0,0
67696.0,67696.0,0,1
272.0,10,5,0
282.0,10,5,0
184.0,55,2,0
280.0,15.0,5,0
276.0,15.0,2,0
67796.0,67796.0,3,1
262.0,10,2,0
272.0,10,1,0
129.0,10,2,0
265.0,61,3,0
261.0,61,1,0
67902.0,67902.0,0,1
252.0,10,0,0
262.0,10,1,0
119.0,10,0,0
204.0,10,0,0
200.0,10,0,0
68003.0,68003.0,0,1
242.0,15.0,1,0
252.0,10,0,0
109.0,10,0,0
194.0,10,1,0
190.0,10,2,0
68058.0,68058.0,0,1
227.0,59,1,0
242.0,15.0,1,0
99.0,10,0,0
184.0,10,0,0
180.0,10,2,0
68162.0,68162.0,5,1
168.0,10,2,0
227.0,58,2,0
89.0,15.0,1,0
174.0,10,2,0
170.0,10,4,0
68265.0,68265.0,0,1
158.0,10,3,0
169.0,10,2,0
74.0,46,4,0
164.0,15.0,0,0
160.0,15.0,1,0
68356.0,68356.0,1,1
148.0,10,1,0
159.0,10,1,0
28.0,10,1,0
149.0,53,2,0
145.0,51,0,0
68454.0,68454.0,3,1
138.0,10,0,0
149.0,10,0,0
18.0,10,2,0
96.0,10,0,0
94.0,10,0,0
68545.0,68545.0,3,1
128.0,15.0,1,0
139.0,10,1,0
8.0,8.0,0,0
86.0,10,1,0
84.0,10,5,0
68598.0,68598.0,0,1
113.0,49,1,0
129.0,15.0,1,0
500,62,1,0
76.0,10,1,0
74.0,10,1,0
68744.0,68744.0,2,1
64.0,10,1,0
114.0,49,1,0
438.0,63.0,1,0
66.0,10,2,0
64.0,10,1,0
68886.0,68886.0,1,1
54.0,10,0,0
65.0,10,0,0
375.0,70,1,0
56.0,15.0,1,0
54.0,15.0,1,0
69001.0,69001.0,2,1
44.0,10,1,0
55.0,10,1,0
305.0,10,2,0
41.0,41.0,3,0
39.0,39.0,1,0
69087.0,69087.0,1,1
34.0,10,6,0
45.0,10,1,0
295.0,10,1,0
500,10,1,0
500,10,1,0
69166.0,69166.0,0,1
24.0,15.0,1,0
35.0,10,2,0
285.0,10,2,0
490,10,2,0
490,66,1,0
69221.0,69221.0,2,1
9.0,9.0,1,0
25.0,23.0,1,0
275.0,40,2,0
480,60,1,0
424,59,2,0
69419.0,69419.0,1,1
500,10,1,0
2.0,2.0,1,0
235.0,40.0,1,0
420,53,1,0
365,10,1,0
69583.0,69583.0,0,1
490,10,0,0
500,10,2,0
195.0,55,0,0
367.0,58.0,1,0
355.0,15.0,2,0
69726.0,69726.0,3,1
480,10,2,0
490,10,1,0
140.0,10,2,0
309.0,65,1,0
340.0,68,2,0
69836.0,69836.0,2,1
470,10,2,0
480,10,6,0
130.0,10,2,0
244.0,10,2,0
272.0,10,0,0
69944.0,69944.0,5,1
460.0,15.0,0,0
470,10,4,0
120.0,10,2,0
234.0,10,1,0
262.0,10,0,0
69999.0,69999.0,0,1
445.0,76,1,0
460.0,15.0,0,0
110.0,10,0,0
224.0,10,5,0
252.0,10,2,0
70120.0,70120.0,1,1
369.0,10,2,0
445.0,76,3,0
100.0,15.0,2,0
214.0,10,2,0
242.0,10,3,0
70241.0,70241.0,1,1
359.0,10,1,0
369.0,10,1,0
85.0,47,2,0
204.0,15.0,1,0
232.0,15.0,0,0
70333.0,70333.0,0,1
349.0,10,1,0
359.0,10,1,0
38.0,10,1,0
189.0,55,1,0
217.0,57,3,0
70433.0,70433.0,0,1
339.0,10,0,0
349.0,10,1,0
28.0,10,1,0
134.0,10,1,0
160.0,10,2,0
70530.0,70530.0,3,1
329.0,15.0,1,0
339.0,10,1,0
18.0,10,1,0
124.0,10,2,0
150.0,10,1,0
70585.0,70585.0,0,1
314.0,66,0,0
329.0,15.0,0,0
8.0,8.0,1,0
114.0,10,4,0
140.0,10,2,0
70694.0,70694.0,1,1
248.0,10,1,0
314.0,65,2,0
500.0,70.0,2,0
104.0,10,2,0
130.0,10,0,0
70859.0,70859.0,0,1
238.0,10,1,0
249.0,10,1,0
430.0,75,1,0
94.0,15.0,1,0
120.0,15.0,2,0
70979.0,70979.0,1,1
228.0,10,2,0
239.0,10,1,0
355.0,10,1,0
79.0,46,2,0
105.0,49,6,0
71070.0,71070.0,2,1
218.0,10,2,0
229.0,10,1,0
345.0,10,1,0
33.0,10,1,0
56.0,10,1,0
71159.0,71159.0,2,1
208.0,15.0,1,0
219.0,10,1,0
335.0,10,2,0
23.0,10,2,0
46.0,10,0,0
71214.0,71214.0,0,1
193.0,56,1,0
209.0,15.0,5,0
325.0,10,0,0
13.0,10,1,0
36.0,10,2,0
71315.0,71315.0,0,1
137.0,10,1,0
194.0,55,0,0
315.0,15.0,1,0
3.0,3.0,0,0
26.0,10,4,0
71408.0,71408.0,2,1
127.0,10,2,0
139.0,10,1,0
300.0,64,0,0
500.0,71.0,0,0
16.0,15.0,2,0
71573.0,71573.0,2,1
117.0,10,2,0
129.0,10,2,0
236.0,10,2,0
429.0,74,6,0
1.0,1.0,2,0
71692.0,71692.0,2,1
107.0,10,2,0
119.0,10,2,0
226.0,10,2,0
355.0,10,2,0
500,10,2,0
71733.0,71733.0,2,1
97.0,15.0,2,0
109.0,10,2,0
216.0,10,6,0
345.0,10,2,0
490,64,4,0
71788.0,71788.0,1,1
82.0,47,1,0
99.0,15.0,1,0
206.0,10,0,0
335.0,48,4,0
426,56,4,0
71972.0,71972.0,0,1
35.0,10,2,0
84.0,46,2,0
196.0,15.0,0,0
287.0,10,3,0
370,10,2,0
72109.0,72109.0,2,1
25.0,10,4,0
38.0,10,0,0
181.0,55,2,0
277.0,15.0,1,0
360.0,15.0,5,0
72209.0,72209.0,5,1
15.0,10,5,0
28.0,10,1,0
126.0,10,0,0
262.0,61,1,0
345.0,68,3,0
72315.0,72315.0,3,1
5.0,5.0,6,0
18.0,10,6,0
116.0,10,6,0
201.0,10,6,0
277.0,10,1,0
72418.0,72418.0,2,1
500.0,15.0,1,0
8.0,8.0,1,0
106.0,10,2,0
191.0,10,1,0
267.0,10,1,0
72471.0,72471.0,0,1
485.0,80,4,0
500.0,15.0,1,0
96.0,10,0,0
181.0,10,0,0
257.0,10,0,0
72596.0,72596.0,1,1
405.0,10,1,0
485.0,79,0,0
86.0,15.0,4,0
171.0,10,0,0
247.0,10,2,0
72720.0,72720.0,2,1
395.0,10,2,0
406.0,10,2,0
71.0,46,2,0
161.0,15.0,2,0
237.0,15.0,4,0
72811.0,72811.0,2,1
385.0,10,2,0
396.0,10,1,0
25.0,10,2,0
146.0,52,1,0
222.0,58,1,0
72908.0,72908.0,2,1
375.0,10,2,0
386.0,10,2,0
15.0,10,1,0
94.0,10,1,0
164.0,10,0,0
73006.0,73006.0,4,1
365.0,15.0,1,0
376.0,10,2,0
5.0,5.0,2,0
84.0,10,1,0
154.0,10,1,0
73056.0,73056.0,2,1
350.0,69,2,0
366.0,15.0,3,0
500,10,2,0
74.0,10,1,0
144.0,10,0,0
73170.0,73170.0,1,1
281.0,10,0,0
351.0,68,0,0
490.0,70.0,0,0
64.0,10,1,0
134.0,10,2,0
73338.0,73338.0,1,1
271.0,10,4,0
283.0,10,1,0
420.0,74,4,0
54.0,15.0,4,0
124.0,15.0,4,0
73457.0,73457.0,0,1
261.0,10,0,0
273.0,10,1,0
346.0,10,1,0
39.0,39.0,0,0
109.0,49,2,0
73541.0,73541.0,1,1
251.0,10,1,0
263.0,10,1,0
336.0,10,7,0
500,10,2,0
60.0,10,1,0
73630.0,73630.0,1,1
241.0,15.0,0,0
253.0,10,0,0
326.0,10,0,0
490,10,1,0
50.0,10,0,0
73685.0,73685.0,0,1
226.0,59,0,0
243.0,15.0,1,0
316.0,10,0,0
480,63,0,0
40.0,10,0,0
73842.0,73842.0,1,1
167.0,10,0,0
228.0,58,4,0
306.0,15.0,1,0
417,10,0,0
30.0,10,2,0
73945.0,73945.0,2,1
157.0,10,4,0
170.0,10,1,0
291.0,63,0,0
407.0,63.0,2,0
20.0,15.0,1,0
74101.0,74101.0,0,1
147.0,10,2,0
160.0,10,0,0
228.0,10,0,0
344.0,68,0,0
5.0,5.0,2,0
74214.0,74214.0,2,1
137.0,10,1,0
150.0,10,1,0
218.0,10,1,0
276.0,10,2,0
500,10,2,0
74259.0,74259.0,1,1
127.0,15.0,1,0
140.0,10,1,0
208.0,10,4,0
266.0,10,2,0
490,61,1,0
74314.0,74314.0,1,1
112.0,49,1,0
130.0,15.0,1,0
198.0,10,0,0
256.0,10,1,0
429,57,2,0
74459.0,74459.0,2,1
63.0,10,3,0
115.0,49,2,0
188.0,15.0,1,0
246.0,10,1,0
372,10,2,0
74600.0,74600.0,2,1
53.0,10,0,0
66.0,10,2,0
173.0,54,2,0
236.0,15.0,0,0
362.0,58.0,1,0
74699.0,74699.0,1,1
43.0,10,2,0
56.0,10,1,0
119.0,10,2,0
221.0,58,1,0
304.0,65,0,0
74845.0,74845.0,1,1
33.0,10,4,0
46.0,10,5,0
109.0,10,1,0
163.0,10,0,0
239.0,10,0,0
74950.0,74950.0,0,1
23.0,15.0,1,0
36.0,10,1,0
99.0,10,0,0
153.0,10,0,0
229.0,39,1,0
75005.0,75005.0,5,1
8.0,8.0,0,0
26.0,24.0,1,0
89.0,25,0,0
143.0,30,5,0
190.0,34,3,0
75131.0,75131.0,0,1
500,10,1,0
2.0,2.0,0,0
64.0,26.0,2,0
113.0,27,1,0
156.0,10,0,0
75230.0,75230.0,1,1
490,10,1,0
500,10,3,0
38.0,38.0,0,0
86.0,15.0,1,0
146.0,15.0,7,0
75313.0,75313.0,3,1
480,10,6,0
490,10,3,0
500,10,3,0
71.0,46,3,0
131.0,51,1,0
75404.0,75404.0,1,1
470,10,5,0
480,10,4,0
490,10,0,0
25.0,10,1,0
80.0,10,4,0
75495.0,75495.0,4,1
460.0,15.0,0,0
470,10,0,0
480,10,4,0
15.0,10,1,0
70.0,10,2,0
75550.0,75550.0,2,1
445.0,76,2,0
460.0,15.0,6,0
470,10,2,0
5.0,5.0,2,0
60.0,10,4,0
75666.0,75666.0,0,1
369.0,10,0,0
445.0,75,0,0
460.0,15.0,0,0
500,10,4,0
50.0,10,3,0
75786.0,75786.0,2,1
359.0,10,6,0
370.0,10,2,0
445.0,75,2,0
490.0,15.0,2,0
40.0,15.0,2,0
75906.0,75906.0,1,1
349.0,10,4,0
360.0,10,4,0
370.0,10,0,0
475.0,78,0,0
25.0,25.0,0,0
76029.0,76029.0,1,1
339.0,10,0,0
350.0,10,1,0
360.0,10,0,0
397.0,10,0,0
500,10,1,0
76094.0,76094.0,2,1
329.0,15.0,2,0
340.0,10,4,0
350.0,10,4,0
387.0,10,1,0
490,10,0,0
76149.0,76149.0,1,1
314.0,66,1,0
330.0,15.0,0,0
340.0,10,0,0
377.0,10,2,0
480,10,1,0
76260.0,76260.0,1,1
248.0,10,1,0
315.0,65,5,0
330.0,15.0,1,0
367.0,10,1,0
470,10,1,0
76370.0,76370.0,1,1
238.0,10,2,0
250.0,10,1,0
315.0,65,2,0
357.0,15.0,5,0
460.0,67.0,4,0
76480.0,76480.0,1,1
228.0,10,2,0
240.0,10,1,0
250.0,10,2,0
342.0,67,1,0
393.0,71,1,0
76644.0,76644.0,0,1
218.0,10,0,0
230.0,10,4,0
240.0,10,0,0
275.0,10,0,0
322.0,10,1,0
76755.0,76755.0,3,1
208.0,15.0,5,0
220.0,10,1,0
230.0,10,2,0
265.0,10,4,0
312.0,10,1,0
76810.0,76810.0,1,1
193.0,55,2,0
210.0,15.0,0,0
220.0,10,4,0
255.0,10,1,0
302.0,10,2,0
76910.0,76910.0,1,1
138.0,10,1,0
195.0,55,2,0
210.0,15.0,5,0
245.0,10,3,0
292.0,10,3,0
77010.0,77010.0,6,1
128.0,10,3,0
140.0,10,3,0
195.0,56,3,0
235.0,15.0,7,0
282.0,15.0,1,0
77111.0,77111.0,1,1
118.0,10,1,0
130.0,10,1,0
139.0,10,2,0
220.0,58,6,0
267.0,61,1,0
77214.0,77214.0,1,1
108.0,10,2,0
120.0,10,2,0
129.0,10,6,0
162.0,10,1,0
206.0,10,1,0
77315.0,77315.0,0,1
98.0,15.0,2,0
110.0,10,2,0
119.0,10,3,0
152.0,10,0,0
196.0,10,4,0
77370.0,77370.0,4,1
83.0,47,4,0
100.0,15.0,4,0
109.0,10,4,0
142.0,10,4,0
186.0,10,2,0
77462.0,77462.0,2,1
36.0,10,3,0
85.0,46,2,0
99.0,15.0,6,0
132.0,10,2,0
176.0,10,0,0
77553.0,77553.0,0,1
26.0,10,2,0
39.0,10,0,0
84.0,47,1,0
122.0,15.0,4,0
166.0,15.0,1,0
77645.0,77645.0,1,1
16.0,10,1,0
29.0,10,1,0
37.0,10,0,0
107.0,48,0,0
151.0,52,1,0
77738.0,77738.0,2,1
6.0,6.0,2,0
19.0,10,1,0
27.0,10,1,0
59.0,10,1,0
99.0,10,2,0
77826.0,77826.0,1,1
500.0,15.0,2,0
9.0,9.0,2,0
17.0,10,1,0
49.0,10,1,0
89.0,10,1,0
77880.0,77880.0,1,1
485.0,79,1,0
500.0,15.0,1,0
7.0,7.0,1,0
39.0,10,2,0
79.0,10,0,0
78001.0,78001.0,1,1
406.0,10,1,0
485.0,79,0,0
500.0,15.0,1,0
29.0,10,1,0
69.0,10,1,0
78125.0,78125.0,0,1
396.0,10,1,0
406.0,10,1,0
485.0,80,0,0
19.0,15.0,1,0
59.0,26.0,0,0
78250.0,78250.0,0,1
386.0,10,0,0
396.0,10,0,0
405.0,10,1,0
4.0,4.0,1,0
33.0,33.0,4,0
78310.0,78310.0,2,1
376.0,10,1,0
386.0,10,5,0
395.0,10,0,0
500,10,4,0
500,10,2,0
78383.0,78383.0,1,1
366.0,15.0,2,0
376.0,10,1,0
385.0,10,2,0
490,10,1,0
490,10,1,0
78438.0,78438.0,2,1
351.0,68,1,0
366.0,15.0,1,0
375.0,10,0,0
480,10,0,0
480,10,1,0
78551.0,78551.0,2,1
283.0,10,0,0
351.0,68,1,0
365.0,15.0,2,0
470,10,0,0
470,10,2,0
78664.0,78664.0,1,1
273.0,10,1,0
283.0,10,1,0
350.0,68,1,0
460.0,15.0,2,0
460.0,15.0,3,0
78777.0,78777.0,3,1
263.0,10,3,0
273.0,10,3,0
282.0,10,3,0
445.0,76,3,0
445.0,76,1,0
78898.0,78898.0,1,1
253.0,10,1,0
263.0,10,1,0
272.0,10,2,0
369.0,10,2,0
369.0,10,1,0
79014.0,79014.0,1,1
243.0,15.0,1,0
253.0,10,6,0
262.0,10,2,0
359.0,10,2,0
359.0,10,4,0
79069.0,79069.0,4,1
228.0,59,1,0
243.0,15.0,0,0
252.0,10,1,0
349.0,10,0,0
349.0,10,0,0
79173.0,79173.0,1,1
169.0,10,0,0
228.0,58,0,0
242.0,15.0,1,0
339.0,10,1,0
339.0,10,0,0
79276.0,79276.0,5,1
159.0,10,2,0
170.0,10,5,0
227.0,58,5,0
329.0,15.0,1,0
329.0,15.0,2,0
79379.0,79379.0,1,1
149.0,10,2,0
160.0,10,2,0
169.0,10,1,0
314.0,66,1,0
314.0,66,0,0
79490.0,79490.0,1,1
139.0,10,1,0
150.0,10,1,0
159.0,10,4,0
248.0,10,2,0
248.0,10,2,0
79596.0,79596.0,1,1
129.0,15.0,2,0
140.0,10,3,0
149.0,10,1,0
238.0,10,1,0
238.0,10,1,0
79651.0,79651.0,1,1
114.0,49,0,0
130.0,15.0,0,0
139.0,10,1,0
228.0,10,1,0
228.0,10,1,0
79745.0,79745.0,2,1
65.0,10,1,0
115.0,50,2,0
129.0,15.0,2,0
218.0,10,2,0
218.0,10,2,0
79840.0,79840.0,0,1
55.0,10,0,0
65.0,10,0,0
114.0,49,2,0
208.0,15.0,0,0
208.0,15.0,0,0
79934.0,79934.0,4,1
45.0,10,1,0
55.0,10,1,0
65.0,10,4,0
193.0,56,0,0
193.0,56,0,0
80035.0,80035.0,5,1
35.0,10,0,0
45.0,10,1,0
55.0,10,0,0
137.0,10,1,0
137.0,10,0,0
80131.0,80131.0,1,1
25.0,15.0,1,0
35.0,10,0,0
45.0,10,0,0
127.0,10,1,0
127.0,30,4,0
80186.0,80186.0,1,1
10.0,10.0,1,0
25.0,24.0,0,0
35.0,10,0,0
117.0,27,0,0
97.0,25,0,0
80287.0,80287.0,0,1
500,10,0,0
1.0,1.0,1,0
25.0,23.0,0,0
90.0,24,0,0
72.0,10,0,0
80370.0,80370.0,1,1
490,10,0,0
500,10,0,0
2.0,2.0,0,0
66.0,26.0,1,0
62.0,15.0,2,0
80428.0,80428.0,1,1
480,10,0,0
490,10,0,0
500,10,0,0
40.0,40.0,0,0
47.0,44,1,0
80513.0,80513.0,0,1
470,10,1,0
480,10,0,0
490,10,0,0
500,10,0,0
3.0,3.0,0,0
80597.0,80597.0,1,1
460.0,15.0,2,0
470,10,0,0
480,10,1,0
490,10,1,0
500,10,0,0
80645.0,80645.0,0,1
445.0,76,0,0
460.0,15.0,1,0
470,10,1,0
480,10,1,0
490,10,0,0
80766.0,80766.0,0,1
369.0,10,1,0
445.0,76,0,0
460.0,15.0,0,0
470,10,1,0
480,10,3,0
80887.0,80887.0,3,1
359.0,10,3,0
369.0,10,3,0
445.0,76,3,0
460.0,15.0,3,0
470.0,15.0,1,0
81008.0,81008.0,1,1
349.0,10,1,0
359.0,10,1,0
369.0,10,3,0
445.0,76,2,0
455.0,76,0,0
81129.0,81129.0,0,1
339.0,10,0,0
349.0,10,1,0
359.0,10,0,0
369.0,10,0,0
379.0,10,0,0
81245.0,81245.0,0,1
329.0,15.0,0,0
339.0,10,4,0
349.0,10,1,0
359.0,10,1,0
369.0,10,1,0
81300.0,81300.0,2,1
314.0,65,2,0
329.0,15.0,2,0
339.0,10,1,0
349.0,10,1,0
359.0,10,1,0
81410.0,81410.0,1,1
249.0,10,1,0
314.0,65,0,0
329.0,15.0,0,0
339.0,10,1,0
349.0,10,2,0
81520.0,81520.0,1,1
239.0,10,2,0
249.0,10,1,0
314.0,66,2,0
329.0,15.0,1,0
339.0,15.0,0,0
81631.0,81631.0,0,1
229.0,10,0,0
239.0,10,6,0
248.0,10,2,0
314.0,65,2,0
324.0,66,1,0
81741.0,81741.0,1,1
219.0,10,3,0
229.0,10,1,0
238.0,10,2,0
249.0,10,4,0
258.0,10,1,0
81847.0,81847.0,2,1
209.0,15.0,2,0
219.0,10,1,0
228.0,10,4,0
239.0,10,5,0
248.0,10,1,0
81902.0,81902.0,2,1
194.0,56,1,0
209.0,15.0,2,0
218.0,10,1,0
229.0,10,1,0
238.0,10,1,0
82003.0,82003.0,1,1
138.0,10,1,0
194.0,56,2,0
208.0,15.0,4,0
219.0,10,1,0
228.0,10,2,0
82104.0,82104.0,1,1
128.0,10,2,0
138.0,10,1,0
193.0,56,2,0
209.0,15.0,1,0
218.0,15.0,0,0
82205.0,82205.0,2,1
118.0,10,0,0
128.0,10,0,0
137.0,10,1,0
194.0,56,3,0
203.0,56,1,0
82306.0,82306.0,2,1
108.0,10,3,0
118.0,10,2,0
127.0,10,2,0
138.0,10,1,0
147.0,10,2,0
82402.0,82402.0,1,1
98.0,15.0,1,0
108.0,10,0,0
117.0,10,4,0
128.0,10,0,0
137.0,10,1,0
82457.0,82457.0,1,1
83.0,47,2,0
98.0,15.0,3,0
107.0,10,1,0
118.0,10,2,0
127.0,10,2,0
82549.0,82549.0,2,1
36.0,10,6,0
83.0,47,6,0
97.0,15.0,2,0
108.0,10,2,0
117.0,10,1,0
82641.0,82641.0,2,1
26.0,10,1,0
36.0,10,1,0
82.0,46,1,0
98.0,15.0,2,0
107.0,15.0,2,0
82732.0,82732.0,1,1
16.0,10,2,0
26.0,10,1,0
36.0,10,1,0
83.0,46,1,0
92.0,47,2,0
82823.0,82823.0,1,1
6.0,6.0,2,0
16.0,10,1,0
26.0,10,1,0
37.0,10,2,0
45.0,10,0,0
82906.0,82906.0,0,1
500.0,15.0,5,0
6.0,6.0,1,0
16.0,10,0,0
27.0,10,1,0
35.0,10,2,0
82957.0,82957.0,0,1
485.0,78,6,0
500.0,15.0,0,0
6.0,6.0,2,0
17.0,10,0,0
25.0,10,1,0
83076.0,83076.0,2,1
407.0,10,2,0
485.0,79,1,0
500.0,15.0,2,0
7.0,7.0,1,0
15.0,10,1,0
83197.0,83197.0,2,1
397.0,10,0,0
406.0,10,1,0
485.0,79,0,0
500.0,15.0,1,0
5.0,5.0,0,0
83321.0,83321.0,1,1
387.0,10,0,0
396.0,10,2,0
406.0,10,1,0
485.0,78,4,0
500,80,0,0
83434.0,83434.0,0,1
377.0,10,0,0
386.0,10,0,0
396.0,10,2,0
407.0,10,0,0
420,10,2,0
83554.0,83554.0,2,1
367.0,15.0,2,0
376.0,10,0,0
386.0,10,0,0
397.0,10,0,0
410,10,1,0
83609.0,83609.0,0,1
352.0,68,2,0
366.0,15.0,0,0
376.0,10,1,0
387.0,10,0,0
400,10,4,0
83722.0,83722.0,4,1
284.0,10,4,0
351.0,68,4,0
366.0,15.0,4,0
377.0,10,4,0
390,10,2,0
83835.0,83835.0,2,1
274.0,10,3,0
283.0,10,1,0
351.0,68,1,0
367.0,15.0,1,0
380.0,15.0,1,0
83948.0,83948.0,6,1
264.0,10,2,0
273.0,10,1,0
283.0,10,2,0
352.0,68,1,0
365.0,69,4,0
84061.0,84061.0,4,1
254.0,10,0,0
263.0,10,0,0
273.0,10,0,0
284.0,10,2,0
296.0,10,2,0
84170.0,84170.0,2,1
244.0,15.0,2,0
253.0,10,1,0
263.0,10,1,0
274.0,10,1,0
286.0,10,3,0
84225.0,84225.0,1,1
229.0,58,4,0
243.0,15.0,2,0
253.0,10,1,0
264.0,10,0,0
276.0,10,4,0
84328.0,84328.0,4,1
171.0,10,4,0
228.0,58,4,0
243.0,15.0,4,0
254.0,10,4,0
266.0,10,2,0
84431.0,84431.0,2,1
161.0,10,1,0
170.0,10,1,0
228.0,59,2,0
244.0,15.0,1,0
256.0,15.0,0,0
84535.0,84535.0,2,1
151.0,10,0,0
160.0,10,5,0
169.0,10,1,0
229.0,58,0,0
241.0,59,2,0
84638.0,84638.0,2,1
141.0,10,4,0
150.0,10,1,0
159.0,10,3,0
171.0,10,1,0
182.0,10,2,0
84737.0,84737.0,1,1
131.0,15.0,5,0
140.0,10,1,0
149.0,10,0,0
161.0,10,0,0
172.0,10,2,0
84792.0,84792.0,2,1
116.0,49,1,0
130.0,15.0,1,0
139.0,10,1,0
151.0,10,2,0
162.0,10,2,0
84886.0,84886.0,3,1
67.0,10,2,0
115.0,50,3,0
129.0,15.0,2,0
141.0,10,2,0
152.0,10,0,0
84981.0,84981.0,1,1
57.0,10,0,0
65.0,10,4,0
114.0,49,2,0
131.0,15.0,4,0
142.0,15.0,1,0
85075.0,85075.0,1,1
47.0,10,2,0
55.0,10,1,0
65.0,10,1,0
116.0,49,2,0
127.0,50,5,0
85169.0,85169.0,1,1
37.0,10,2,0
45.0,10,1,0
55.0,10,5,0
67.0,10,5,0
77.0,10,0,0
85259.0,85259.0,1,1
27.0,15.0,0,0
35.0,10,2,0
45.0,10,1,0
57.0,10,0,0
67.0,23,2,0
85314.0,85314.0,0,1
12.0,12.0,1,0
25.0,23.0,1,0
35.0,10,0,0
47.0,10,4,0
44.0,10,1,0
85392.0,85392.0,5,1
500,10,4,0
2.0,2.0,5,0
25.0,23.0,0,0
37.0,10,5,0
34.0,10,0,0
85447.0,85447.0,0,1
490,10,2,0
500,10,0,0
2.0,2.0,0,0
27.0,23.0,4,0
24.0,23.0,0,0
85502.0,85502.0,4,1
480,10,2,0
490,10,4,0
500,10,0,0
4.0,4.0,0,0
1.0,1.0,2,0
85559.0,85559.0,0,1
470,10,1,0
480,10,0,0
490,10,1,0
500,10,4,0
500,10,2,0
85600.0,85600.0,2,1
460.0,15.0,6,0
470,10,2,0
480,10,1,0
490,10,3,0
490,10,0,0
85655.0,85655.0,0,1
445.0,75,0,0
460.0,15.0,0,0
470,10,1,0
480,10,1,0
480,10,1,0
85775.0,85775.0,4,1
370.0,10,2,0
445.0,76,1,0
460.0,15.0,1,0
470,10,0,0
470,10,1,0
85896.0,85896.0,1,1
360.0,10,1,0
369.0,10,1,0
445.0,75,1,0
460.0,15.0,1,0
460.0,15.0,3,0
86016.0,86016.0,1,1
350.0,10,2,0
359.0,10,2,0
370.0,10,1,0
445.0,76,2,0
445.0,76,0,0
86137.0,86137.0,1,1
340.0,10,1,0
349.0,10,1,0
360.0,10,0,0
369.0,10,4,0
369.0,10,1,0
86253.0,86253.0,1,1
330.0,15.0,1,0
339.0,10,1,0
350.0,10,1,0
359.0,10,2,0
359.0,10,1,0
86308.0,86308.0,2,1
315.0,66,2,0
329.0,15.0,2,0
340.0,10,1,0
349.0,10,2,0
349.0,10,1,0
86419.0,86419.0,0,1
249.0,10,0,0
314.0,65,1,0
330.0,15.0,1,0
339.0,10,0,0
339.0,10,4,0
86529.0,86529.0,1,1
239.0,10,1,0
249.0,10,0,0
315.0,66,0,0
329.0,15.0,0,0
329.0,15.0,1,0
86640.0,86640.0,3,1
229.0,10,5,0
239.0,10,6,0
249.0,10,2,0
314.0,66,1,0
314.0,65,1,0
86751.0,86751.0,1,1
219.0,10,5,0
229.0,10,2,0
239.0,10,4,0
248.0,10,6,0
249.0,10,2,0
86856.0,86856.0,2,1
209.0,15.0,2,0
219.0,10,2,0
229.0,10,2,0
238.0,10,2,0
239.0,10,0,0
86911.0,86911.0,2,1
194.0,56,0,0
209.0,15.0,4,0
219.0,10,1,0
228.0,10,4,0
229.0,10,0,0
87012.0,87012.0,2,1
138.0,10,1,0
194.0,56,5,0
209.0,15.0,0,0
218.0,10,1,0
219.0,10,0,0
87113.0,87113.0,0,1
128.0,10,0,0
138.0,10,0,0
194.0,56,2,0
208.0,15.0,1,0
209.0,15.0,1,0
87214.0,87214.0,0,1
118.0,10,0,0
128.0,10,1,0
138.0,10,1,0
193.0,56,1,0
194.0,56,0,0
87315.0,87315.0,0,1
108.0,10,4,0
118.0,10,2,0
128.0,10,0,0
137.0,10,0,0
138.0,10,5,0
87411.0,87411.0,5,1
98.0,15.0,5,0
108.0,10,4,0
118.0,10,4,0
127.0,10,5,0
128.0,10,3,0
87466.0,87466.0,3,1
83.0,47,3,0
98.0,15.0,6,0
108.0,10,6,0
117.0,10,3,0
118.0,10,2,0
87558.0,87558.0,1,1
36.0,10,1,0
83.0,46,2,0
98.0,15.0,4,0
107.0,10,1,0
108.0,10,1,0
87649.0,87649.0,1,1
26.0,10,0,0
37.0,10,0,0
83.0,47,0,0
97.0,15.0,0,0
98.0,15.0,1,0
87741.0,87741.0,5,1
16.0,10,1,0
27.0,10,4,0
36.0,10,1,0
82.0,47,1,0
83.0,46,2,0
87833.0,87833.0,0,1
6.0,6.0,2,0
17.0,10,1,0
26.0,10,1,0
35.0,10,0,0
37.0,10,1,0
87915.0,87915.0,0,1
500.0,15.0,1,0
7.0,7.0,2,0
16.0,10,0,0
25.0,10,1,0
27.0,10,4,0
87967.0,87967.0,1,1
485.0,78,1,0
500.0,15.0,2,0
6.0,6.0,3,0
15.0,10,3,0
17.0,10,0,0
88086.0,88086.0,2,1
407.0,10,1,0
485.0,78,5,0
500.0,15.0,1,0
5.0,5.0,1,0
7.0,7.0,2,0
88204.0,88204.0,0,1
397.0,10,0,0
407.0,10,1,0
485.0,79,0,0
500.0,15.0,0,0
500.0,15.0,1,0
88325.0,88325.0,3,1
387.0,10,3,0
397.0,10,1,0
406.0,10,1,0
485.0,79,2,0
485.0,78,1,0
88449.0,88449.0,0,1
377.0,10,0,0
387.0,10,1,0
396.0,10,1,0
406.0,10,0,0
407.0,10,1,0
88567.0,88567.0,1,1
367.0,15.0,2,0
377.0,10,1,0
386.0,10,5,0
396.0,10,6,0
397.0,10,0,0
88622.0,88622.0,0,1
352.0,68,2,0
367.0,15.0,1,0
376.0,10,4,0
386.0,10,4,0
387.0,10,2,0
88735.0,88735.0,0,1
284.0,10,0,0
352.0,68,1,0
366.0,15.0,2,0
376.0,10,0,0
377.0,10,3,0
88848.0,88848.0,0,1
274.0,10,1,0
284.0,10,0,0
351.0,68,2,0
366.0,15.0,0,0
367.0,15.0,4,0
88961.0,88961.0,1,1
264.0,10,0,0
274.0,10,1,0
283.0,10,2,0
351.0,68,0,0
352.0,68,2,0
89074.0,89074.0,1,1
254.0,10,6,0
264.0,10,1,0
273.0,10,1,0
283.0,10,4,0
284.0,10,2,0
89182.0,89182.0,2,1
244.0,15.0,1,0
254.0,10,1,0
263.0,10,1,0
273.0,10,1,0
274.0,10,2,0
89237.0,89237.0,1,1
229.0,58,1,0
244.0,15.0,3,0
253.0,10,1,0
263.0,10,2,0
264.0,10,1,0
89340.0,89340.0,1,1
171.0,10,2,0
229.0,59,2,0
243.0,15.0,1,0
253.0,10,1,0
254.0,10,2,0
89444.0,89444.0,1,1
161.0,10,2,0
170.0,10,3,0
228.0,59,2,0
243.0,15.0,1,0
244.0,15.0,1,0
89548.0,89548.0,0,1
151.0,10,0,0
160.0,10,1,0
169.0,10,4,0
228.0,59,0,0
229.0,59,2,0
89652.0,89652.0,2,1
141.0,10,3,0
150.0,10,4,0
159.0,10,1,0
169.0,10,3,0
170.0,10,0,0
89751.0,89751.0,1,1
131.0,15.0,1,0
140.0,10,1,0
149.0,10,0,0
159.0,10,0,0
160.0,10,4,0
89806.0,89806.0,1,1
116.0,49,1,0
130.0,15.0,4,0
139.0,10,1,0
149.0,10,0,0
150.0,10,1,0
89900.0,89900.0,0,1
67.0,10,0,0
115.0,50,1,0
129.0,15.0,0,0
139.0,10,1,0
140.0,10,6,0
89995.0,89995.0,6,1
57.0,10,3,0
65.0,10,6,0
114.0,50,3,0
129.0,15.0,3,0
130.0,15.0,0,0
90090.0,90090.0,1,1
47.0,10,0,0
55.0,10,1,0
64.0,10,0,0
114.0,49,1,0
115.0,49,1,0
90184.0,90184.0,1,1
37.0,10,2,0
45.0,10,4,0
54.0,10,2,0
65.0,10,4,0
66.0,10,1,0
90273.0,90273.0,3,1
27.0,15.0,1,0
35.0,10,1,0
44.0,10,1,0
55.0,10,3,0
56.0,23,1,0
90328.0,90328.0,1,1
12.0,12.0,1,0
25.0,23.0,0,0
34.0,10,1,0
45.0,10,1,0
33.0,10,1,0
90406.0,90406.0,1,1
500,10,0,0
2.0,2.0,1,0
24.0,23.0,2,0
35.0,10,1,0
23.0,10,1,0
90461.0,90461.0,1,1
490,10,1,0
500,10,1,0
1.0,1.0,1,0
25.0,22.0,1,0
13.0,13.0,3,0
90514.0,90514.0,7,1
480,10,3,0
490,10,3,0
500,10,6,0
3.0,3.0,3,0
500,81,1,0
90560.0,90560.0,1,1
470,10,1,0
480,10,3,0
490,10,1,0
500,10,6,0
419,10,1,0
90681.0,90681.0,2,1
460.0,15.0,2,0
470,10,2,0
480,10,1,0
490,10,2,0
409,10,1,0
90736.0,90736.0,0,1
445.0,76,2,0
460.0,15.0,1,0
470,10,3,0
480,10,0,0
399,10,0,0
90857.0,90857.0,1,1
369.0,10,2,0
445.0,76,0,0
460.0,15.0,0,0
470,10,0,0
389,10,2,0
90978.0,90978.0,1,1
359.0,10,1,0
369.0,10,3,0
445.0,76,6,0
460.0,15.0,2,0
379.0,15.0,2,0
91099.0,91099.0,1,1
349.0,10,4,0
359.0,10,2,0
369.0,10,1,0
445.0,76,4,0
364.0,70,1,0
91220.0,91220.0,3,1
339.0,10,1,0
349.0,10,0,0
359.0,10,0,0
369.0,10,0,0
294.0,10,4,0
91330.0,91330.0,4,1
329.0,15.0,4,0
339.0,10,4,0
349.0,10,4,0
359.0,10,4,0
284.0,10,1,0
91385.0,91385.0,3,1
314.0,65,1,0
329.0,15.0,1,0
339.0,10,2,0
349.0,10,1,0
274.0,10,1,0
91495.0,91495.0,1,1
249.0,10,1,0
314.0,65,1,0
329.0,15.0,1,0
339.0,10,2,0
264.0,10,1,0
91605.0,91605.0,1,1
239.0,10,1,0
249.0,10,1,0
314.0,66,2,0
329.0,15.0,1,0
254.0,15.0,2,0
91716.0,91716.0,2,1
229.0,10,2,0
239.0,10,1,0
248.0,10,2,0
314.0,66,1,0
239.0,59,2,0
91827.0,91827.0,2,1
219.0,10,1,0
229.0,10,2,0
238.0,10,2,0
248.0,10,1,0
180.0,10,1,0
91926.0,91926.0,0,1
209.0,15.0,0,0
219.0,10,0,0
228.0,10,0,0
238.0,10,0,0
170.0,10,1,0
91981.0,91981.0,0,1
194.0,55,0,0
209.0,15.0,3,0
218.0,10,0,0
228.0,10,0,0
160.0,10,2,0
92081.0,92081.0,1,1
139.0,10,6,0
194.0,56,1,0
208.0,15.0,5,0
218.0,10,2,0
150.0,10,0,0
92182.0,92182.0,1,1
129.0,10,2,0
138.0,10,0,0
193.0,55,0,0
208.0,15.0,1,0
140.0,15.0,2,0
92282.0,92282.0,1,1
119.0,10,5,0
128.0,10,2,0
138.0,10,1,0
193.0,56,1,0
125.0,50,1,0
92383.0,92383.0,0,1
109.0,10,1,0
118.0,10,0,0
128.0,10,0,0
137.0,10,1,0
75.0,10,4,0
92473.0,92473.0,2,1
99.0,15.0,1,0
108.0,10,2,0
118.0,10,2,0
127.0,10,2,0
65.0,10,1,0
92528.0,92528.0,2,1
84.0,47,3,0
98.0,15.0,1,0
108.0,10,4,0
117.0,10,2,0
55.0,10,1,0
92620.0,92620.0,0,1
37.0,10,0,0
83.0,46,0,0
98.0,15.0,0,0
107.0,10,0,0
45.0,10,1,0
92711.0,92711.0,1,1
27.0,10,3,0
37.0,10,2,0
83.0,47,1,0
97.0,15.0,1,0
35.0,15.0,1,0
92803.0,92803.0,2,1
17.0,10,0,0
27.0,10,0,0
36.0,10,1,0
82.0,46,1,0
20.0,20.0,3,0
92894.0,92894.0,2,1
7.0,7.0,1,0
17.0,10,1,0
26.0,10,2,0
36.0,10,1,0
500,10,1,0
92951.0,92951.0,1,1
500.0,15.0,1,0
7.0,7.0,2,0
16.0,10,2,0
26.0,10,2,0
490,10,2,0
93003.0,93003.0,2,1
485.0,79,3,0
500.0,15.0,1,0
6.0,6.0,1,0
16.0,10,1,0
480,10,1,0
93123.0,93123.0,2,1
406.0,10,1,0
485.0,79,2,0
500.0,15.0,2,0
6.0,6.0,1,0
470,10,2,0
93243.0,93243.0,1,1
396.0,10,1,0
406.0,10,6,0
485.0,79,2,0
500.0,15.0,2,0
460.0,15.0,0,0
93367.0,93367.0,0,1
386.0,10,3,0
396.0,10,1,0
406.0,10,1,0
485.0,78,2,0
445.0,76,5,0
93490.0,93490.0,1,1
376.0,10,2,0
386.0,10,1,0
396.0,10,2,0
407.0,10,1,0
369.0,10,2,0
93606.0,93606.0,0,1
366.0,15.0,0,0
376.0,10,1,0
386.0,10,0,0
397.0,10,5,0
359.0,10,0,0
93661.0,93661.0,0,1
351.0,68,1,0
366.0,15.0,1,0
376.0,10,0,0
387.0,10,1,0
349.0,10,1,0
93774.0,93774.0,0,1
283.0,10,1,0
351.0,68,1,0
366.0,15.0,1,0
377.0,10,1,0
339.0,10,2,0
93887.0,93887.0,1,1
273.0,10,2,0
283.0,10,2,0
351.0,69,3,0
367.0,15.0,2,0
329.0,15.0,0,0
94001.0,94001.0,0,1
263.0,10,1,0
273.0,10,1,0
282.0,10,1,0
352.0,69,0,0
314.0,66,4,0
94115.0,94115.0,0,1
253.0,10,4,0
263.0,10,1,0
272.0,10,4,0
283.0,10,0,0
248.0,10,2,0
94221.0,94221.0,1,1
243.0,15.0,1,0
253.0,10,4,0
262.0,10,2,0
273.0,10,1,0
238.0,10,4,0
94276.0,94276.0,4,1
228.0,58,4,0
243.0,15.0,4,0
252.0,10,4,0
263.0,10,4,0
228.0,10,2,0
94379.0,94379.0,1,1
170.0,10,1,0
228.0,58,2,0
242.0,15.0,1,0
253.0,10,5,0
218.0,10,0,0
94482.0,94482.0,0,1
160.0,10,1,0
170.0,10,1,0
227.0,59,1,0
243.0,15.0,2,0
208.0,15.0,2,0
94586.0,94586.0,2,1
150.0,10,1,0
160.0,10,1,0
168.0,10,3,0
228.0,59,1,0
193.0,55,3,0
94690.0,94690.0,6,1
140.0,10,4,0
150.0,10,6,0
158.0,10,6,0
169.0,10,4,0
138.0,10,0,0
94785.0,94785.0,0,1
130.0,15.0,0,0
140.0,10,0,0
148.0,10,1,0
159.0,10,1,0
128.0,10,1,0
94840.0,94840.0,0,1
115.0,49,1,0
130.0,15.0,1,0
138.0,10,0,0
149.0,10,0,0
118.0,10,5,0
94934.0,94934.0,2,1
66.0,10,3,0
115.0,49,1,0
128.0,15.0,2,0
139.0,10,1,0
108.0,10,5,0
95028.0,95028.0,0,1
56.0,10,1,0
66.0,10,4,0
113.0,49,1,0
129.0,15.0,0,0
98.0,15.0,0,0
95122.0,95122.0,4,1
46.0,10,0,0
56.0,10,2,0
64.0,10,0,0
114.0,49,0,0
83.0,46,1,0
95216.0,95216.0,2,1
36.0,10,0,0
46.0,10,1,0
54.0,10,0,0
65.0,10,0,0
37.0,10,1,0
95302.0,95302.0,1,1
26.0,15.0,2,0
36.0,10,4,0
44.0,10,1,0
55.0,10,4,0
27.0,10,1,0
95357.0,95357.0,4,1
11.0,11.0,4,0
26.0,24.0,3,0
34.0,10,0,0
45.0,10,0,0
17.0,10,1,0
95422.0,95422.0,0,1
500,10,2,0
2.0,2.0,0,0
24.0,23.0,0,0
35.0,10,1,0
7.0,7.0,1,0
95477.0,95477.0,2,1
490,10,4,0
500,10,2,0
1.0,1.0,0,0
25.0,23.0,1,0
500.0,61.0,1,0
95528.0,95528.0,0,1
480,10,0,0
490,10,1,0
500,10,0,0
2.0,2.0,0,0
439.0,75,1,0
95621.0,95621.0,0,1
470,10,1,0
480,10,4,0
490,10,0,0
500,10,0,0
364.0,10,2,0
95736.0,95736.0,4,1
460.0,15.0,4,0
470,10,4,0
480,10,1,0
490,10,2,0
354.0,10,0,0
95791.0,95791.0,1,1
445.0,76,0,0
460.0,15.0,1,0
470,10,0,0
480,10,0,0
344.0,10,0,0
95912.0,95912.0,0,1
369.0,10,1,0
445.0,75,0,0
460.0,15.0,0,0
470,10,1,0
334.0,10,5,0
96032.0,96032.0,5,1
359.0,10,1,0
370.0,10,1,0
445.0,75,3,0
460.0,15.0,5,0
324.0,15.0,0,0
96152.0,96152.0,1,1
349.0,10,1,0
360.0,10,2,0
370.0,10,0,0
445.0,75,0,0
309.0,65,6,0
96272.0,96272.0,2,1
339.0,10,2,0
350.0,10,2,0
360.0,10,2,0
370.0,10,5,0
244.0,10,2,0
96377.0,96377.0,1,1
329.0,15.0,1,0
340.0,10,1,0
350.0,10,1,0
360.0,10,1,0
234.0,10,2,0
96432.0,96432.0,2,1
314.0,65,1,0
330.0,15.0,2,0
340.0,10,1,0
350.0,10,1,0
224.0,10,3,0
96542.0,96542.0,4,1
249.0,10,2,0
315.0,66,0,0
330.0,15.0,0,0
340.0,10,0,0
214.0,10,1,0
96653.0,96653.0,1,1
239.0,10,2,0
249.0,10,4,0
315.0,66,6,0
330.0,15.0,1,0
204.0,15.0,2,0
96764.0,96764.0,1,1
229.0,10,1,0
239.0,10,2,0
249.0,10,2,0
315.0,65,1,0
189.0,55,1,0
96874.0,96874.0,2,1
219.0,10,3,0
229.0,10,4,0
239.0,10,1,0
250.0,10,2,0
134.0,10,1,0
96969.0,96969.0,1,1
209.0,15.0,2,0
219.0,10,1,0
229.0,10,1,0
240.0,10,0,0
124.0,10,3,0
97024.0,97024.0,6,1
194.0,56,6,0
209.0,15.0,3,0
219.0,10,3,0
230.0,10,3,0
114.0,10,1,0
97125.0,97125.0,1,1
138.0,10,4,0
194.0,56,2,0
209.0,15.0,1,0
220.0,10,1,0
104.0,10,1,0
97226.0,97226.0,1,1
128.0,10,2,0
138.0,10,1,0
194.0,55,2,0
210.0,15.0,2,0
94.0,15.0,2,0
97326.0,97326.0,1,1
118.0,10,2,0
128.0,10,2,0
139.0,10,1,0
195.0,56,1,0
79.0,46,1,0
97427.0,97427.0,1,1
108.0,10,1,0
118.0,10,1,0
129.0,10,2,0
139.0,10,3,0
33.0,10,2,0
97513.0,97513.0,1,1
98.0,15.0,1,0
108.0,10,0,0
119.0,10,0,0
129.0,10,1,0
23.0,10,2,0
97568.0,97568.0,1,1
83.0,47,2,0
98.0,15.0,2,0
109.0,10,1,0
119.0,10,2,0
13.0,10,1,0
97660.0,97660.0,1,1
36.0,10,0,0
83.0,47,1,0
99.0,15.0,0,0
109.0,10,1,0
3.0,3.0,2,0
97752.0,97752.0,0,1
26.0,10,1,0
36.0,10,1,0
84.0,46,0,0
99.0,15.0,0,0
500.0,67.0,1,0
97836.0,97836.0,1,1
16.0,10,3,0
26.0,10,2,0
38.0,10,2,0
84.0,47,4,0
433.0,74,3,0
97980.0,97980.0,3,1
6.0,6.0,2,0
16.0,10,1,0
28.0,10,1,0
37.0,10,2,0
359.0,10,0,0
98090.0,98090.0,0,1
500.0,15.0,2,0
6.0,6.0,2,0
18.0,10,0,0
27.0,10,0,0
349.0,10,4,0
98141.0,98141.0,2,1
485.0,79,4,0
500.0,15.0,4,0
8.0,8.0,2,0
17.0,10,2,0
339.0,10,2,0
98263.0,98263.0,0,1
406.0,10,0,0
485.0,79,0,0
500.0,15.0,1,0
7.0,7.0,2,0
329.0,10,0,0
98384.0,98384.0,0,1
396.0,10,0,0
406.0,10,0,0
485.0,79,1,0
500.0,15.0,1,0
319.0,15.0,3,0
98508.0,98508.0,2,1
386.0,10,2,0
396.0,10,1,0
406.0,10,2,0
485.0,79,2,0
304.0,65,0,0
98632.0,98632.0,0,1
376.0,10,1,0
386.0,10,0,0
396.0,10,3,0
406.0,10,1,0
239.0,10,1,0
98737.0,98737.0,1,1
366.0,15.0,2,0
376.0,10,3,0
386.0,10,2,0
396.0,10,1,0
229.0,10,2,0
98792.0,98792.0,0,1
351.0,68,2,0
366.0,15.0,3,0
376.0,10,2,0
386.0,10,0,0
219.0,10,0,0
98905.0,98905.0,0,1
283.0,10,1,0
351.0,69,1,0
366.0,15.0,0,0
376.0,10,0,0
209.0,10,1,0
99019.0,99019.0,0,1
273.0,10,1,0
282.0,10,0,0
351.0,68,1,0
366.0,15.0,1,0
199.0,15.0,2,0
99132.0,99132.0,1,1
263.0,10,0,0
272.0,10,0,0
283.0,10,0,0
351.0,68,0,0
184.0,55,2,0
99245.0,99245.0,2,1
253.0,10,2,0
262.0,10,6,0
273.0,10,2,0
283.0,10,2,0
129.0,10,2,0
99340.0,99340.0,2,1
243.0,15.0,2,0
252.0,10,2,0
263.0,10,2,0
273.0,10,6,0
119.0,10,1,0
99395.0,99395.0,0,1
228.0,59,0,0
242.0,15.0,0,0
253.0,10,0,0
263.0,10,1,0
109.0,10,2,0
99499.0,99499.0,4,1
169.0,10,2,0
227.0,58,1,0
243.0,15.0,0,0
253.0,10,1,0
99.0,10,1,0
99602.0,99602.0,0,1
159.0,10,2,0
169.0,10,0,0
228.0,58,0,0
243.0,15.0,1,0
89.0,15.0,1,0
99705.0,99705.0,1,1
149.0,10,0,0
159.0,10,3,0
170.0,10,1,0
228.0,58,0,0
74.0,46,4,0
99808.0,99808.0,1,1
139.0,10,1,0
149.0,10,4,0
160.0,10,2,0
170.0,10,1,0
28.0,10,2,0
99894.0,99894.0,2,1
129.0,15.0,1,0
139.0,10,1,0
150.0,10,1,0
160.0,10,2,0
18.0,10,4,0
99949.0,99949.0,1,1
114.0,49,2,0
129.0,15.0,1,0
140.0,10,1,0
150.0,10,4,0
8.0,8.0,0,0
100043.0,100043.0,4,1
65.0,10,1,0
114.0,49,1,0
130.0,15.0,2,0
140.0,10,0,0
500,63,1,0
100135.0,100135.0,2,1
55.0,10,1,0
65.0,10,2,0
115.0,50,2,0
130.0,15.0,2,0
437.0,62.0,0,0
100283.0,100283.0,1,1
45.0,10,1,0
55.0,10,0,0
65.0,10,2,0
115.0,50,2,0
375.0,69,2,0
100425.0,100425.0,1,1
35.0,10,3,0
45.0,10,2,0
55.0,10,1,0
65.0,10,1,0
306.0,10,2,0
100534.0,100534.0,1,1
25.0,15.0,1,0
35.0,10,2,0
45.0,10,5,0
55.0,10,6,0
296.0,42,2,0
100589.0,100589.0,0,1
10.0,10.0,1,0
25.0,24.0,1,0
35.0,10,4,0
45.0,10,1,0
254.0,37,2,0
100685.0,100685.0,2,1
500,10,2,0
1.0,1.0,2,0
25.0,23.0,2,0
35.0,10,2,0
217.0,34,1,0
100766.0,100766.0,0,1
490,10,1,0
500,10,0,0
2.0,2.0,0,0
25.0,23.0,1,0
183.0,36.0,2,0
100845.0,100845.0,2,1
480,10,2,0
490,10,6,0
500,10,2,0
2.0,2.0,2,0
